5.927510917	0
6.275327511	0
6.623144105	0
6.970960699	0
7.318777293	0
7.666593886	0
8.01441048	0
8.362227074	0
8.710043668	0
9.057860262	0
9.405676856	0
9.75349345	0
10.10131004	0
10.44912664	0
10.79694323	0
11.14475983	0
11.49257642	0
11.84039301	0
12.18820961	0
12.5360262	0
12.88384279	0
13.23165939	0
13.57947598	0
13.92729258	0
14.27510917	0
14.62292576	0
14.97074236	0
15.31855895	0
15.66637555	0
16.01419214	0
16.36200873	0
16.70982533	0
17.05764192	0
17.40545852	0
17.75327511	0
18.1010917	0
18.4489083	0
18.79672489	0
19.14454148	0
19.49235808	0
19.84017467	0
20.18799127	0
20.53580786	0
20.88362445	0
21.23144105	0
21.57925764	0
21.92707424	0
22.27489083	0
22.62270742	0
22.97052402	0
23.31834061	0
23.66615721	0
24.0139738	0
24.36179039	0
24.70960699	0
25.05742358	0
25.40524017	0
25.75305677	0
26.10087336	0
26.44868996	0
26.79650655	0
27.14432314	0
27.49213974	0
27.83995633	0
28.18777293	0
28.53558952	0
28.88340611	0
29.23122271	0
29.5790393	0
29.9268559	0
30.27467249	0
30.62248908	0
30.97030568	0
31.31812227	0
31.66593886	10
32.01375546	17
32.36157205	29
32.70938865	42
33.05720524	39
33.40502183	48
33.75283843	41
34.10065502	64
34.44847162	47
34.79628821	54
35.1441048	70
35.4919214	76
35.83973799	76
36.18755459	93
36.53537118	86
36.88318777	97
37.23100437	100
37.57882096	91
37.92663755	105
38.27445415	121
38.62227074	120
38.97008734	125
39.31790393	135
39.66572052	141
40.01353712	130
40.36135371	138
40.70917031	147
41.0569869	162
41.40480349	152
41.75262009	140
42.10043668	147
42.44825328	118
42.79606987	99
43.14388646	89
43.49170306	98
43.83951965	89
44.18733624	60
44.53515284	84
44.88296943	63
45.23078603	89
45.57860262	76
45.92641921	73
46.27423581	64
46.6220524	75
46.969869	72
47.31768559	65
47.66550218	76
48.01331878	83
48.36113537	76
48.70895197	62
49.05676856	71
49.40458515	100
49.75240175	59
50.10021834	74
50.44803493	86
50.79585153	86
51.14366812	92
51.49148472	84
51.83930131	89
52.1871179	82
52.5349345	94
52.88275109	72
53.23056769	97
53.57838428	85
53.92620087	93
54.27401747	81
54.62183406	70
54.96965066	95
55.31746725	102
55.66528384	100
56.01310044	103
56.36091703	89
56.70873362	103
57.05655022	95
57.40436681	94
57.75218341	85
58.1	103
58.44781659	115
58.79563319	124
59.14344978	90
59.49126638	97
59.83908297	109
60.18689956	121
60.53471616	124
60.88253275	123
61.23034934	95
61.57816594	118
61.92598253	118
62.27379913	97
62.62161572	104
62.96943231	106
63.31724891	116
63.6650655	96
64.0128821	95
64.36069869	117
64.70851528	131
65.05633188	110
65.40414847	110
65.75196507	106
66.09978166	101
66.44759825	123
66.79541485	120
67.14323144	105
67.49104803	135
67.83886463	129
68.18668122	141
68.53449782	126
68.88231441	122
69.230131	122
69.5779476	138
69.92576419	133
70.27358079	129
70.62139738	131
70.96921397	120
71.31703057	137
71.66484716	120
72.01266376	147
72.36048035	138
72.70829694	169
73.05611354	142
73.40393013	112
73.75174672	155
74.09956332	135
74.44737991	165
74.79519651	158
75.1430131	156
75.49082969	154
75.83864629	146
76.18646288	150
76.53427948	149
76.88209607	151
77.22991266	133
77.57772926	147
77.92554585	155
78.27336245	151
78.62117904	154
78.96899563	167
79.31681223	125
79.66462882	146
80.01244541	151
80.36026201	150
80.7080786	160
81.0558952	145
81.40371179	122
81.75152838	139
82.09934498	186
82.44716157	167
82.79497817	184
83.14279476	166
83.49061135	170
83.83842795	137
84.18624454	145
84.53406114	163
84.88187773	188
85.22969432	176
85.57751092	191
85.92532751	184
86.2731441	181
86.6209607	151
86.96877729	172
87.31659389	168
87.66441048	203
88.01222707	158
88.36004367	206
88.70786026	169
89.05567686	169
89.40349345	173
89.75131004	141
90.09912664	193
90.44694323	224
90.79475983	175
91.14257642	186
91.49039301	197
91.83820961	156
92.1860262	159
92.53384279	172
92.88165939	161
93.22947598	165
93.57729258	161
93.92510917	147
94.27292576	161
94.62074236	166
94.96855895	181
95.31637555	173
95.66419214	199
96.01200873	162
96.35982533	179
96.70764192	165
97.05545852	194
97.40327511	171
97.7510917	195
98.0989083	184
98.44672489	206
98.79454148	182
99.14235808	190
99.49017467	168
99.83799127	181
100.1858079	193
100.5336245	183
100.881441	153
101.2292576	195
101.5770742	170
101.9248908	181
102.2727074	182
102.620524	168
102.9683406	180
103.3161572	181
103.6639738	198
104.0117904	183
104.359607	184
104.7074236	162
105.0552402	157
105.4030568	176
105.7508734	170
106.09869	200
106.4465066	185
106.7943231	195
107.1421397	204
107.4899563	180
107.8377729	185
108.1855895	187
108.5334061	183
108.8812227	175
109.2290393	180
109.5768559	179
109.9246725	156
110.2724891	153
110.6203057	177
110.9681223	170
111.3159389	174
111.6637555	168
112.0115721	165
112.3593886	174
112.7072052	171
113.0550218	173
113.4028384	204
113.750655	164
114.0984716	177
114.4462882	159
114.7941048	167
115.1419214	160
115.489738	172
115.8375546	179
116.1853712	176
116.5331878	179
116.8810044	176
117.228821	178
117.5766376	166
117.9244541	174
118.2722707	208
118.6200873	197
118.9679039	183
119.3157205	154
119.6635371	164
120.0113537	159
120.3591703	174
120.7069869	201
121.0548035	180
121.4026201	143
121.7504367	202
122.0982533	159
122.4460699	170
122.7938865	174
123.1417031	170
123.4895197	171
123.8373362	171
124.1851528	158
124.5329694	167
124.880786	173
125.2286026	163
125.5764192	170
125.9242358	156
126.2720524	162
126.619869	189
126.9676856	168
127.3155022	188
127.6633188	165
128.0111354	179
128.358952	183
128.7067686	177
129.0545852	172
129.4024017	177
129.7502183	173
130.0980349	149
130.4458515	179
130.7936681	165
131.1414847	155
131.4893013	163
131.8371179	146
132.1849345	162
132.5327511	171
132.8805677	180
133.2283843	126
133.5762009	160
133.9240175	140
134.2718341	158
134.6196507	181
134.9674672	153
135.3152838	168
135.6631004	153
136.010917	152
136.3587336	172
136.7065502	161
137.0543668	152
137.4021834	158
137.75	158
138.0978166	153
138.4456332	144
138.7934498	167
139.1412664	163
139.489083	165
139.8368996	159
140.1847162	148
140.5325328	151
140.8803493	138
141.2281659	158
141.5759825	131
141.9237991	128
142.2716157	158
142.6194323	143
142.9672489	129
143.3150655	146
143.6628821	138
144.0106987	141
144.3585153	132
144.7063319	146
145.0541485	141
145.4019651	169
145.7497817	131
146.0975983	139
146.4454148	144
146.7932314	156
147.141048	126
147.4888646	142
147.8366812	124
148.1844978	160
148.5323144	155
148.880131	153
149.2279476	137
149.5757642	142
149.9235808	135
150.2713974	132
150.619214	122
150.9670306	165
151.3148472	131
151.6626638	139
152.0104803	157
152.3582969	126
152.7061135	137
153.0539301	124
153.4017467	127
153.7495633	149
154.0973799	146
154.4451965	139
154.7930131	133
155.1408297	118
155.4886463	129
155.8364629	151
156.1842795	135
156.5320961	124
156.8799127	132
157.2277293	136
157.5755459	125
157.9233624	128
158.271179	120
158.6189956	131
158.9668122	127
159.3146288	156
159.6624454	108
160.010262	126
160.3580786	125
160.7058952	121
161.0537118	130
161.4015284	129
161.749345	129
162.0971616	142
162.4449782	135
162.7927948	124
163.1406114	126
163.4884279	120
163.8362445	109
164.1840611	108
164.5318777	128
164.8796943	136
165.2275109	120
165.5753275	106
165.9231441	118
166.2709607	115
166.6187773	128
166.9665939	128
167.3144105	113
167.6622271	106
168.0100437	111
168.3578603	138
168.7056769	104
169.0534934	120
169.40131	104
169.7491266	127
170.0969432	97
170.4447598	128
170.7925764	113
171.140393	125
171.4882096	110
171.8360262	114
172.1838428	99
172.5316594	108
172.879476	115
173.2272926	113
173.5751092	99
173.9229258	103
174.2707424	94
174.618559	106
174.9663755	119
175.3141921	108
175.6620087	110
176.0098253	93
176.3576419	105
176.7054585	105
177.0532751	106
177.4010917	91
177.7489083	113
178.0967249	96
178.4445415	81
178.7923581	104
179.1401747	104
179.4879913	118
179.8358079	110
180.1836245	106
180.531441	79
180.8792576	95
181.2270742	106
181.5748908	100
181.9227074	101
182.270524	99
182.6183406	102
182.9661572	107
183.3139738	87
183.6617904	107
184.009607	134
184.3574236	120
184.7052402	104
185.0530568	115
185.4008734	102
185.74869	104
186.0965066	90
186.4443231	110
186.7921397	85
187.1399563	88
187.4877729	103
187.8355895	83
188.1834061	97
188.5312227	103
188.8790393	101
189.2268559	85
189.5746725	85
189.9224891	99
190.2703057	92
190.6181223	88
190.9659389	83
191.3137555	84
191.6615721	87
192.0093886	94
192.3572052	75
192.7050218	94
193.0528384	79
193.400655	87
193.7484716	97
194.0962882	71
194.4441048	91
194.7919214	71
195.139738	83
195.4875546	104
195.8353712	100
196.1831878	81
196.5310044	88
196.878821	82
197.2266376	81
197.5744541	84
197.9222707	87
198.2700873	79
198.6179039	82
198.9657205	98
199.3135371	77
199.6613537	86
200.0091703	83
200.3569869	76
200.7048035	73
201.0526201	90
201.4004367	93
201.7482533	93
202.0960699	85
202.4438865	80
202.7917031	84
203.1395197	90
203.4873362	78
203.8351528	84
204.1829694	86
204.530786	77
204.8786026	88
205.2264192	79
205.5742358	76
205.9220524	82
206.269869	84
206.6176856	84
206.9655022	84
207.3133188	67
207.6611354	87
208.008952	86
208.3567686	86
208.7045852	67
209.0524017	77
209.4002183	82
209.7480349	79
210.0958515	71
210.4436681	95
210.7914847	73
211.1393013	73
211.4871179	71
211.8349345	69
212.1827511	71
212.5305677	65
212.8783843	83
213.2262009	79
213.5740175	64
213.9218341	74
214.2696507	88
214.6174672	77
214.9652838	78
215.3131004	63
215.660917	80
216.0087336	72
216.3565502	76
216.7043668	69
217.0521834	77
217.4	80
217.7478166	75
218.0956332	93
218.4434498	79
218.7912664	60
219.139083	83
219.4868996	63
219.8347162	48
220.1825328	64
220.5303493	73
220.8781659	71
221.2259825	64
221.5737991	72
221.9216157	63
222.2694323	74
222.6172489	83
222.9650655	63
223.3128821	58
223.6606987	54
224.0085153	73
224.3563319	78
224.7041485	68
225.0519651	65
225.3997817	64
225.7475983	62
226.0954148	76
226.4432314	57
226.791048	61
227.1388646	69
227.4866812	75
227.8344978	72
228.1823144	59
228.530131	62
228.8779476	53
229.2257642	60
229.5735808	68
229.9213974	67
230.269214	58
230.6170306	72
230.9648472	74
231.3126638	78
231.6604803	81
232.0082969	72
232.3561135	56
232.7039301	47
233.0517467	59
233.3995633	58
233.7473799	61
234.0951965	59
234.4430131	83
234.7908297	60
235.1386463	57
235.4864629	66
235.8342795	60
236.1820961	75
236.5299127	111
236.8777293	150
237.2255459	151
237.5733624	137
237.921179	98
238.2689956	82
238.6168122	52
238.9646288	61
239.3124454	66
239.660262	90
240.0080786	61
240.3558952	70
240.7037118	75
241.0515284	55
241.399345	60
241.7471616	65
242.0949782	50
242.4427948	48
242.7906114	47
243.1384279	40
243.4862445	51
243.8340611	58
244.1818777	52
244.5296943	69
244.8775109	59
245.2253275	54
245.5731441	61
245.9209607	35
246.2687773	51
246.6165939	53
246.9644105	49
247.3122271	50
247.6600437	51
248.0078603	44
248.3556769	58
248.7034934	47
249.05131	56
249.3991266	43
249.7469432	50
250.0947598	37
250.4425764	44
250.790393	45
251.1382096	40
251.4860262	52
251.8338428	36
252.1816594	46
252.529476	56
252.8772926	49
253.2251092	61
253.5729258	49
253.9207424	54
254.268559	65
254.6163755	55
254.9641921	41
255.3120087	41
255.6598253	47
256.0076419	46
256.3554585	49
256.7032751	47
257.0510917	50
257.3989083	54
257.7467249	37
258.0945415	49
258.4423581	52
258.7901747	51
259.1379913	47
259.4858079	58
259.8336245	44
260.181441	37
260.5292576	31
260.8770742	43
261.2248908	54
261.5727074	36
261.920524	40
262.2683406	50
262.6161572	48
262.9639738	48
263.3117904	58
263.659607	45
264.0074236	39
264.3552402	49
264.7030568	40
265.0508734	58
265.39869	46
265.7465066	48
266.0943231	42
266.4421397	51
266.7899563	28
267.1377729	39
267.4855895	49
267.8334061	40
268.1812227	48
268.5290393	44
268.8768559	53
269.2246725	52
269.5724891	39
269.9203057	42
270.2681223	52
270.6159389	45
270.9637555	35
271.3115721	46
271.6593886	43
272.0072052	44
272.3550218	41
272.7028384	33
273.050655	49
273.3984716	48
273.7462882	38
274.0941048	40
274.4419214	43
274.789738	37
275.1375546	49
275.4853712	47
275.8331878	52
276.1810044	39
276.528821	38
276.8766376	44
277.2244541	40
277.5722707	43
277.9200873	32
278.2679039	33
278.6157205	40
278.9635371	35
279.3113537	33
279.6591703	35
280.0069869	43
280.3548035	29
280.7026201	52
281.0504367	37
281.3982533	40
281.7460699	44
282.0938865	44
282.4417031	42
282.7895197	46
283.1373362	34
283.4851528	38
283.8329694	44
284.180786	39
284.5286026	36
284.8764192	40
285.2242358	38
285.5720524	47
285.919869	38
286.2676856	29
286.6155022	34
286.9633188	32
287.3111354	38
287.658952	31
288.0067686	41
288.3545852	31
288.7024017	24
289.0502183	33
289.3980349	32
289.7458515	34
290.0936681	33
290.4414847	36
290.7893013	35
291.1371179	36
291.4849345	37
291.8327511	36
292.1805677	36
292.5283843	37
292.8762009	40
293.2240175	45
293.5718341	65
293.9196507	74
294.2674672	62
294.6152838	59
294.9631004	54
295.310917	28
295.6587336	35
296.0065502	33
296.3543668	35
296.7021834	25
297.05	34
297.3978166	30
297.7456332	33
298.0934498	29
298.4412664	34
298.789083	43
299.1368996	46
299.4847162	37
299.8325328	35
300.1803493	23
300.5281659	33
300.8759825	41
301.2237991	33
301.5716157	33
301.9194323	40
302.2672489	40
302.6150655	34
302.9628821	28
303.3106987	26
303.6585153	39
304.0063319	31
304.3541485	25
304.7019651	29
305.0497817	29
305.3975983	23
305.7454148	36
306.0932314	26
306.441048	30
306.7888646	33
307.1366812	34
307.4844978	31
307.8323144	38
308.180131	33
308.5279476	32
308.8757642	28
309.2235808	26
309.5713974	30
309.919214	31
310.2670306	31
310.6148472	35
310.9626638	26
311.3104803	34
311.6582969	38
312.0061135	21
312.3539301	24
312.7017467	26
313.0495633	35
313.3973799	31
313.7451965	28
314.0930131	34
314.4408297	29
314.7886463	38
315.1364629	30
315.4842795	33
315.8320961	39
316.1799127	21
316.5277293	24
316.8755459	34
317.2233624	27
317.571179	32
317.9189956	31
318.2668122	31
318.6146288	28
318.9624454	34
319.310262	22
319.6580786	25
320.0058952	29
320.3537118	20
320.7015284	26
321.049345	26
321.3971616	34
321.7449782	26
322.0927948	28
322.4406114	28
322.7884279	31
323.1362445	32
323.4840611	37
323.8318777	26
324.1796943	29
324.5275109	28
324.8753275	17
325.2231441	25
325.5709607	28
325.9187773	33
326.2665939	30
326.6144105	29
326.9622271	31
327.3100437	17
327.6578603	24
328.0056769	31
328.3534934	22
328.70131	26
329.0491266	32
329.3969432	25
329.7447598	25
330.0925764	29
330.440393	22
330.7882096	39
331.1360262	22
331.4838428	31
331.8316594	25
332.179476	32
332.5272926	27
332.8751092	17
333.2229258	26
333.5707424	24
333.918559	21
334.2663755	31
334.6141921	21
334.9620087	23
335.3098253	25
335.6576419	41
336.0054585	24
336.3532751	32
336.7010917	37
337.0489083	41
337.3967249	53
337.7445415	44
338.0923581	31
338.4401747	29
338.7879913	28
339.1358079	28
339.4836245	30
339.831441	24
340.1792576	24
340.5270742	29
340.8748908	21
341.2227074	21
341.570524	17
341.9183406	38
342.2661572	27
342.6139738	14
342.9617904	20
343.309607	28
343.6574236	23
344.0052402	24
344.3530568	21
344.7008734	26
345.04869	21
345.3965066	27
345.7443231	21
346.0921397	21
346.4399563	28
346.7877729	32
347.1355895	21
347.4834061	19
347.8312227	25
348.1790393	16
348.5268559	29
348.8746725	29
349.2224891	29
349.5703057	32
349.9181223	43
350.2659389	48
350.6137555	77
350.9615721	90
351.3093886	68
351.6572052	38
352.0050218	34
352.3528384	24
352.700655	14
353.0484716	14
353.3962882	20
353.7441048	22
354.0919214	26
354.439738	35
354.7875546	22
355.1353712	40
355.4831878	32
355.8310044	25
356.178821	24
356.5266376	24
356.8744541	21
357.2222707	26
357.5700873	19
357.9179039	20
358.2657205	33
358.6135371	26
358.9613537	19
359.3091703	22
359.6569869	21
360.0048035	25
360.3526201	22
360.7004367	23
361.0482533	27
361.3960699	22
361.7438865	21
362.0917031	29
362.4395197	17
362.7873362	20
363.1351528	22
363.4829694	16
363.830786	23
364.1786026	22
364.5264192	17
364.8742358	16
365.2220524	16
365.569869	16
365.9176856	30
366.2655022	20
366.6133188	32
366.9611354	18
367.308952	22
367.6567686	23
368.0045852	16
368.3524017	23
368.7002183	23
369.0480349	18
369.3958515	15
369.7436681	12
370.0914847	14
370.4393013	16
370.7871179	20
371.1349345	17
371.4827511	28
371.8305677	18
372.1783843	22
372.5262009	25
372.8740175	22
373.2218341	22
373.5696507	19
373.9174672	20
374.2652838	21
374.6131004	27
374.960917	24
375.3087336	20
375.6565502	22
376.0043668	18
376.3521834	17
376.7	26
377.0478166	26
377.3956332	7
377.7434498	15
378.0912664	20
378.439083	23
378.7868996	19
379.1347162	24
379.4825328	20
379.8303493	26
380.1781659	15
380.5259825	23
380.8737991	16
381.2216157	22
381.5694323	21
381.9172489	26
382.2650655	19
382.6128821	19
382.9606987	16
383.3085153	18
383.6563319	19
384.0041485	23
384.3519651	29
384.6997817	23
385.0475983	20
385.3954148	23
385.7432314	19
386.091048	25
386.4388646	27
386.7866812	27
387.1344978	29
387.4823144	17
387.830131	13
388.1779476	10
388.5257642	13
388.8735808	32
389.2213974	26
389.569214	21
389.9170306	14
390.2648472	14
390.6126638	23
390.9604803	27
391.3082969	20
391.6561135	19
392.0039301	27
392.3517467	21
392.6995633	24
393.0473799	13
393.3951965	13
393.7430131	19
394.0908297	18
394.4386463	20
394.7864629	19
395.1342795	13
395.4820961	23
395.8299127	24
396.1777293	19
396.5255459	14
396.8733624	15
397.221179	15
397.5689956	15
397.9168122	22
398.2646288	27
398.6124454	19
398.960262	13
399.3080786	12
399.6558952	16
400.0037118	18
400.3515284	19
400.699345	19
401.0471616	15
401.3949782	25
401.7427948	21
402.0906114	17
402.4384279	25
402.7862445	15
403.1340611	16
403.4818777	17
403.8296943	20
404.1775109	18
404.5253275	22
404.8731441	21
405.2209607	13
405.5687773	20
405.9165939	17
406.2644105	12
406.6122271	15
406.9600437	16
407.3078603	23
407.6556769	14
408.0034934	20
408.35131	19
408.6991266	21
409.0469432	23
409.3947598	13
409.7425764	19
410.090393	16
410.4382096	19
410.7860262	14
411.1338428	10
411.4816594	18
411.829476	13
412.1772926	14
412.5251092	17
412.8729258	20
413.2207424	17
413.568559	16
413.9163755	13
414.2641921	15
414.6120087	16
414.9598253	17
415.3076419	17
415.6554585	21
416.0032751	21
416.3510917	25
416.6989083	17
417.0467249	14
417.3945415	20
417.7423581	22
418.0901747	18
418.4379913	22
418.7858079	15
419.1336245	11
419.481441	22
419.8292576	11
420.1770742	20
420.5248908	12
420.8727074	16
421.220524	17
421.5683406	14
421.9161572	18
422.2639738	21
422.6117904	24
422.959607	21
423.3074236	18
423.6552402	23
424.0030568	18
424.3508734	13
424.69869	15
425.0465066	19
425.3943231	12
425.7421397	12
426.0899563	15
426.4377729	12
426.7855895	17
427.1334061	18
427.4812227	11
427.8290393	14
428.1768559	15
428.5246725	13
428.8724891	13
429.2203057	14
429.5681223	17
429.9159389	16
430.2637555	20
430.6115721	12
430.9593886	17
431.3072052	15
431.6550218	12
432.0028384	13
432.350655	7
432.6984716	12
433.0462882	13
433.3941048	15
433.7419214	19
434.089738	23
434.4375546	16
434.7853712	15
435.1331878	23
435.4810044	20
435.828821	11
436.1766376	19
436.5244541	14
436.8722707	11
437.2200873	16
437.5679039	8
437.9157205	10
438.2635371	9
438.6113537	20
438.9591703	13
439.3069869	9
439.6548035	13
440.0026201	19
440.3504367	14
440.6982533	6
441.0460699	10
441.3938865	15
441.7417031	5
442.0895197	15
442.4373362	12
442.7851528	21
443.1329694	15
443.480786	20
443.8286026	11
444.1764192	14
444.5242358	15
444.8720524	14
445.219869	11
445.5676856	19
445.9155022	13
446.2633188	15
446.6111354	13
446.958952	18
447.3067686	11
447.6545852	16
448.0024017	17
448.3502183	16
448.6980349	16
449.0458515	18
449.3936681	18
449.7414847	9
450.0893013	17
450.4371179	15
450.7849345	12
451.1327511	9
451.4805677	10
451.8283843	12
452.1762009	17
452.5240175	14
452.8718341	13
453.2196507	16
453.5674672	14
453.9152838	14
454.2631004	18
454.610917	16
454.9587336	19
455.3065502	19
455.6543668	9
456.0021834	13
456.35	20
456.6978166	9
457.0456332	11
457.3934498	16
457.7412664	7
458.089083	11
458.4368996	9
458.7847162	16
459.1325328	13
459.4803493	11
459.8281659	9
460.1759825	13
460.5237991	14
460.8716157	12
461.2194323	9
461.5672489	11
461.9150655	18
462.2628821	20
462.6106987	17
462.9585153	24
463.3063319	14
463.6541485	8
464.0019651	11
464.3497817	11
464.6975983	11
465.0454148	18
465.3932314	16
465.741048	12
466.0888646	12
466.4366812	10
466.7844978	9
467.1323144	16
467.480131	11
467.8279476	13
468.1757642	11
468.5235808	15
468.8713974	13
469.219214	12
469.5670306	12
469.9148472	11
470.2626638	8
470.6104803	16
470.9582969	10
471.3061135	13
471.6539301	16
472.0017467	9
472.3495633	12
472.6973799	15
473.0451965	11
473.3930131	11
473.7408297	12
474.0886463	5
474.4364629	14
474.7842795	10
475.1320961	15
475.4799127	16
475.8277293	11
476.1755459	10
476.5233624	9
476.871179	10
477.2189956	7
477.5668122	15
477.9146288	16
478.2624454	12
478.610262	7
478.9580786	12
479.3058952	9
479.6537118	20
480.0015284	12
480.349345	10
480.6971616	12
481.0449782	12
481.3927948	12
481.7406114	9
482.0884279	13
482.4362445	21
482.7840611	6
483.1318777	5
483.4796943	8
483.8275109	12
484.1753275	10
484.5231441	12
484.8709607	6
485.2187773	12
485.5665939	14
485.9144105	11
486.2622271	8
486.6100437	9
486.9578603	7
487.3056769	9
487.6534934	12
488.00131	12
488.3491266	9
488.6969432	10
489.0447598	11
489.3925764	12
489.740393	16
490.0882096	8
490.4360262	9
490.7838428	4
491.1316594	12
491.479476	11
491.8272926	7
492.1751092	16
492.5229258	12
492.8707424	12
493.218559	19
493.5663755	11
493.9141921	14
494.2620087	12
494.6098253	8
494.9576419	13
495.3054585	14
495.6532751	19
496.0010917	10
496.3489083	8
496.6967249	14
497.0445415	16
497.3923581	8
497.7401747	16
498.0879913	10
498.4358079	13
498.7836245	15
499.131441	8
499.4792576	12
499.8270742	12
500.1748908	7
500.5227074	14
500.870524	8
501.2183406	18
501.5661572	11
501.9139738	16
502.2617904	18
502.609607	11
502.9574236	9
503.3052402	8
503.6530568	11
504.0008734	16
504.34869	12
504.6965066	15
505.0443231	12
505.3921397	6
505.7399563	14
506.0877729	12
506.4355895	14
506.7834061	20
507.1312227	6
507.4790393	14
507.8268559	11
508.1746725	9
508.5224891	5
508.8703057	9
509.2181223	8
509.5659389	15
509.9137555	16
510.2615721	16
510.6093886	27
510.9572052	37
511.3050218	24
511.6528384	34
512.000655	31
512.3484716	25
512.6962882	17
513.0441048	8
513.3919214	15
513.739738	13
514.0875546	14
514.4353712	12
514.7831878	10
515.1310044	10
515.478821	11
515.8266376	9
516.1744541	11
516.5222707	7
516.8700873	9
517.2179039	11
517.5657205	9
517.9135371	12
518.2613537	10
518.6091703	7
518.9569869	11
519.3048035	11
519.6526201	11
520.0004367	15
520.3482533	11
520.6960699	12
521.0438865	12
521.3917031	12
521.7395197	9
522.0873362	12
522.4351528	14
522.7829694	8
523.130786	11
523.4786026	5
523.8264192	13
524.1742358	11
524.5220524	12
524.869869	11
525.2176856	7
525.5655022	10
525.9133188	14
526.2611354	9
526.608952	2
526.9567686	11
527.3045852	11
527.6524017	9
528.0002183	8
528.3480349	17
528.6958515	12
529.0436681	6
529.3914847	12
529.7393013	7
530.0871179	10
530.4349345	11
530.7827511	17
531.1305677	11
531.4783843	4
531.8262009	4
532.1740175	13
532.5218341	10
532.8696507	11
533.2174672	11
533.5652838	12
533.9131004	7
534.260917	10
534.6087336	9
534.9565502	10
535.3043668	11
535.6521834	5
536	12
536.3478166	12
536.6956332	5
537.0434498	15
537.3912664	6
537.739083	6
538.0868996	11
538.4347162	9
538.7825328	13
539.1303493	8
539.4781659	8
539.8259825	10
540.1737991	12
540.5216157	11
540.8694323	12
541.2172489	13
541.5650655	14
541.9128821	10
542.2606987	14
542.6085153	5
542.9563319	13
543.3041485	4
543.6519651	10
543.9997817	13
544.3475983	9
544.6954148	13
545.0432314	4
545.391048	12
545.7388646	9
546.0866812	11
546.4344978	7
546.7823144	6
547.130131	8
547.4779476	6
547.8257642	5
548.1735808	15
548.5213974	9
548.869214	8
549.2170306	10
549.5648472	9
549.9126638	13
550.2604803	12
550.6082969	9
550.9561135	11
551.3039301	14
551.6517467	7
551.9995633	12
552.3473799	10
552.6951965	10
553.0430131	9
553.3908297	16
553.7386463	9
554.0864629	5
554.4342795	8
554.7820961	6
555.1299127	7
555.4777293	14
555.8255459	9
556.1733624	11
556.521179	15
556.8689956	7
557.2168122	9
557.5646288	11
557.9124454	14
558.260262	6
558.6080786	6
558.9558952	13
559.3037118	14
559.6515284	9
559.999345	13
560.3471616	6
560.6949782	17
561.0427948	8
561.3906114	10
561.7384279	10
562.0862445	12
562.4340611	11
562.7818777	15
563.1296943	8
563.4775109	5
563.8253275	10
564.1731441	13
564.5209607	12
564.8687773	10
565.2165939	10
565.5644105	8
565.9122271	10
566.2600437	9
566.6078603	10
566.9556769	11
567.3034934	11
567.65131	6
567.9991266	10
568.3469432	8
568.6947598	10
569.0425764	11
569.390393	7
569.7382096	8
570.0860262	5
570.4338428	8
570.7816594	11
571.129476	13
571.4772926	11
571.8251092	8
572.1729258	11
572.5207424	14
572.868559	8
573.2163755	11
573.5641921	15
573.9120087	8
574.2598253	11
574.6076419	10
574.9554585	5
575.3032751	6
575.6510917	8
575.9989083	14
576.3467249	9
576.6945415	11
577.0423581	4
577.3901747	7
577.7379913	11
578.0858079	6
578.4336245	7
578.781441	7
579.1292576	6
579.4770742	8
579.8248908	12
580.1727074	13
580.520524	6
580.8683406	10
581.2161572	12
581.5639738	6
581.9117904	10
582.259607	7
582.6074236	10
582.9552402	15
583.3030568	12
583.6508734	22
583.99869	31
584.3465066	42
584.6943231	58
585.0421397	37
585.3899563	26
585.7377729	24
586.0855895	17
586.4334061	6
586.7812227	7
587.1290393	8
587.4768559	12
587.8246725	10
588.1724891	11
588.5203057	8
588.8681223	5
589.2159389	9
589.5637555	12
589.9115721	9
590.2593886	8
590.6072052	7
590.9550218	12
591.3028384	4
591.650655	6
591.9984716	7
592.3462882	7
592.6941048	13
593.0419214	10
593.389738	10
593.7375546	9
594.0853712	3
594.4331878	10
594.7810044	6
595.128821	6
595.4766376	7
595.8244541	11
596.1722707	8
596.5200873	14
596.8679039	10
597.2157205	7
597.5635371	7
597.9113537	8
598.2591703	3
598.6069869	8
598.9548035	10
599.3026201	8
599.6504367	12
599.9982533	14
600.3460699	7
600.6938865	9
601.0417031	13
601.3895197	10
601.7373362	7
602.0851528	6
602.4329694	10
602.780786	16
603.1286026	12
603.4764192	11
603.8242358	7
604.1720524	9
604.519869	6
604.8676856	12
605.2155022	4
605.5633188	11
605.9111354	6
606.258952	11
606.6067686	9
606.9545852	7
607.3024017	8
607.6502183	6
607.9980349	10
608.3458515	8
608.6936681	8
609.0414847	7
609.3893013	10
609.7371179	19
610.0849345	22
610.4327511	46
610.7805677	49
611.1283843	64
611.4762009	51
611.8240175	26
612.1718341	16
612.5196507	7
612.8674672	8
613.2152838	13
613.5631004	8
613.910917	4
614.2587336	15
614.6065502	6
614.9543668	10
615.3021834	5
615.65	6
615.9978166	12
616.3456332	10
616.6934498	4
617.0412664	6
617.389083	9
617.7368996	6
618.0847162	7
618.4325328	11
618.7803493	8
619.1281659	5
619.4759825	8
619.8237991	8
620.1716157	6
620.5194323	11
620.8672489	10
621.2150655	4
621.5628821	4
621.9106987	6
622.2585153	10
622.6063319	1
622.9541485	8
623.3019651	9
623.6497817	6
623.9975983	3
624.3454148	6
624.6932314	9
625.041048	4
625.3888646	6
625.7366812	7
626.0844978	5
626.4323144	12
626.780131	13
627.1279476	4
627.4757642	7
627.8235808	7
628.1713974	9
628.519214	5
628.8670306	9
629.2148472	11
629.5626638	10
629.9104803	7
630.2582969	8
630.6061135	3
630.9539301	3
631.3017467	10
631.6495633	4
631.9973799	5
632.3451965	11
632.6930131	9
633.0408297	6
633.3886463	4
633.7364629	9
634.0842795	6
634.4320961	8
634.7799127	8
635.1277293	14
635.4755459	9
635.8233624	9
636.171179	13
636.5189956	3
636.8668122	10
637.2146288	5
637.5624454	8
637.910262	6
638.2580786	9
638.6058952	10
638.9537118	6
639.3015284	4
639.649345	9
639.9971616	5
640.3449782	4
640.6927948	15
641.0406114	9
641.3884279	8
641.7362445	9
642.0840611	12
642.4318777	8
642.7796943	5
643.1275109	9
643.4753275	6
643.8231441	5
644.1709607	10
644.5187773	6
644.8665939	9
645.2144105	6
645.5622271	14
645.9100437	8
646.2578603	10
646.6056769	10
646.9534934	7
647.30131	5
647.6491266	6
647.9969432	7
648.3447598	7
648.6925764	7
649.040393	8
649.3882096	6
649.7360262	5
650.0838428	9
650.4316594	8
650.779476	5
651.1272926	7
651.4751092	7
651.8229258	6
652.1707424	5
652.518559	5
652.8663755	5
653.2141921	8
653.5620087	5
653.9098253	11
654.2576419	7
654.6054585	10
654.9532751	5
655.3010917	7
655.6489083	11
655.9967249	8
656.3445415	7
656.6923581	6
657.0401747	7
657.3879913	11
657.7358079	6
658.0836245	7
658.431441	6
658.7792576	7
659.1270742	7
659.4748908	10
659.8227074	4
660.170524	5
660.5183406	7
660.8661572	6
661.2139738	8
661.5617904	4
661.909607	2
662.2574236	11
662.6052402	14
662.9530568	12
663.3008734	19
663.64869	18
663.9965066	17
664.3443231	10
664.6921397	9
665.0399563	6
665.3877729	12
665.7355895	3
666.0834061	5
666.4312227	7
666.7790393	5
667.1268559	9
667.4746725	5
667.8224891	7
668.1703057	7
668.5181223	9
668.8659389	5
669.2137555	6
669.5615721	8
669.9093886	6
670.2572052	6
670.6050218	6
670.9528384	4
671.300655	8
671.6484716	8
671.9962882	14
672.3441048	2
672.6919214	8
673.039738	4
673.3875546	6
673.7353712	5
674.0831878	7
674.4310044	9
674.778821	6
675.1266376	7
675.4744541	10
675.8222707	7
676.1700873	9
676.5179039	10
676.8657205	8
677.2135371	5
677.5613537	2
677.9091703	3
678.2569869	7
678.6048035	11
678.9526201	7
679.3004367	7
679.6482533	8
679.9960699	7
680.3438865	8
680.6917031	4
681.0395197	6
681.3873362	11
681.7351528	7
682.0829694	5
682.430786	4
682.7786026	8
683.1264192	5
683.4742358	2
683.8220524	9
684.169869	10
684.5176856	8
684.8655022	9
685.2133188	5
685.5611354	10
685.908952	5
686.2567686	4
686.6045852	6
686.9524017	12
687.3002183	7
687.6480349	4
687.9958515	4
688.3436681	8
688.6914847	5
689.0393013	8
689.3871179	8
689.7349345	1
690.0827511	6
690.4305677	4
690.7783843	4
691.1262009	14
691.4740175	2
691.8218341	4
692.1696507	7
692.5174672	6
692.8652838	6
693.2131004	8
693.560917	2
693.9087336	3
694.2565502	1
694.6043668	6
694.9521834	7
695.3	4
695.6478166	5
695.9956332	4
696.3434498	4
696.6912664	10
697.039083	10
697.3868996	10
697.7347162	5
698.0825328	5
698.4303493	8
698.7781659	10
699.1259825	5
699.4737991	8
699.8216157	7
700.1694323	6
700.5172489	7
700.8650655	11
701.2128821	9
701.5606987	5
701.9085153	8
702.2563319	7
702.6041485	9
702.9519651	3
703.2997817	5
703.6475983	9
703.9954148	7
704.3432314	5
704.691048	6
705.0388646	10
705.3866812	8
705.7344978	5
706.0823144	9
706.430131	6
706.7779476	4
707.1257642	6
707.4735808	4
707.8213974	7
708.169214	7
708.5170306	6
708.8648472	5
709.2126638	8
709.5604803	6
709.9082969	11
710.2561135	8
710.6039301	7
710.9517467	7
711.2995633	12
711.6473799	10
711.9951965	6
712.3430131	6
712.6908297	8
713.0386463	6
713.3864629	7
713.7342795	6
714.0820961	6
714.4299127	8
714.7777293	7
715.1255459	5
715.4733624	7
715.821179	7
716.1689956	4
716.5168122	9
716.8646288	1
717.2124454	6
717.560262	5
717.9080786	10
718.2558952	3
718.6037118	6
718.9515284	7
719.299345	4
719.6471616	8
719.9949782	9
720.3427948	7
720.6906114	3
721.0384279	10
721.3862445	3
721.7340611	4
722.0818777	5
722.4296943	5
722.7775109	5
723.1253275	5
723.4731441	7
723.8209607	7
724.1687773	12
724.5165939	2
724.8644105	3
725.2122271	11
725.5600437	6
725.9078603	1
726.2556769	2
726.6034934	3
726.95131	2
727.2991266	7
727.6469432	5
727.9947598	6
728.3425764	11
728.690393	10
729.0382096	13
729.3860262	8
729.7338428	12
730.0816594	11
730.429476	5
730.7772926	6
731.1251092	7
731.4729258	4
731.8207424	2
732.168559	8
732.5163755	6
732.8641921	8
733.2120087	4
733.5598253	10
733.9076419	6
734.2554585	3
734.6032751	4
734.9510917	4
735.2989083	11
735.6467249	7
735.9945415	7
736.3423581	3
736.6901747	5
737.0379913	7
737.3858079	10
737.7336245	9
738.081441	5
738.4292576	7
738.7770742	8
739.1248908	9
739.4727074	5
739.820524	6
740.1683406	5
740.5161572	5
740.8639738	4
741.2117904	2
741.559607	6
741.9074236	4
742.2552402	5
742.6030568	9
742.9508734	10
743.29869	4
743.6465066	4
743.9943231	6
744.3421397	9
744.6899563	6
745.0377729	3
745.3855895	6
745.7334061	2
746.0812227	6
746.4290393	3
746.7768559	7
747.1246725	6
747.4724891	6
747.8203057	4
748.1681223	4
748.5159389	6
748.8637555	4
749.2115721	6
749.5593886	8
749.9072052	5
750.2550218	6
750.6028384	5
750.950655	3
751.2984716	5
751.6462882	9
751.9941048	7
752.3419214	2
752.689738	4
753.0375546	5
753.3853712	4
753.7331878	2
754.0810044	5
754.428821	6
754.7766376	3
755.1244541	9
755.4722707	5
755.8200873	10
756.1679039	8
756.5157205	7
756.8635371	8
757.2113537	9
757.5591703	4
757.9069869	10
758.2548035	6
758.6026201	1
758.9504367	7
759.2982533	3
759.6460699	1
759.9938865	4
760.3417031	6
760.6895197	6
761.0373362	6
761.3851528	8
761.7329694	8
762.080786	9
762.4286026	7
762.7764192	7
763.1242358	3
763.4720524	4
763.819869	6
764.1676856	7
764.5155022	5
764.8633188	6
765.2111354	4
765.558952	4
765.9067686	6
766.2545852	3
766.6024017	6
766.9502183	5
767.2980349	5
767.6458515	2
767.9936681	10
768.3414847	8
768.6893013	5
769.0371179	4
769.3849345	11
769.7327511	7
770.0805677	12
770.4283843	9
770.7762009	2
771.1240175	5
771.4718341	6
771.8196507	5
772.1674672	4
772.5152838	8
772.8631004	9
773.210917	9
773.5587336	7
773.9065502	3
774.2543668	9
774.6021834	7
774.95	6
775.2978166	4
775.6456332	7
775.9934498	2
776.3412664	6
776.689083	3
777.0368996	4
777.3847162	3
777.7325328	4
778.0803493	4
778.4281659	5
778.7759825	8
779.1237991	4
779.4716157	8
779.8194323	6
780.1672489	6
780.5150655	13
780.8628821	5
781.2106987	11
781.5585153	7
781.9063319	3
782.2541485	6
782.6019651	5
782.9497817	6
783.2975983	11
783.6454148	3
783.9932314	4
784.341048	6
784.6888646	8
785.0366812	4
785.3844978	5
785.7323144	5
786.080131	6
786.4279476	7
786.7757642	5
787.1235808	5
787.4713974	5
787.819214	5
788.1670306	9
788.5148472	6
788.8626638	9
789.2104803	6
789.5582969	5
789.9061135	4
790.2539301	6
790.6017467	1
790.9495633	9
791.2973799	8
791.6451965	5
791.9930131	6
792.3408297	4
792.6886463	2
793.0364629	8
793.3842795	4
793.7320961	1
794.0799127	3
794.4277293	7
794.7755459	7
795.1233624	7
795.471179	9
795.8189956	6
796.1668122	9
796.5146288	5
796.8624454	2
797.210262	4
797.5580786	6
797.9058952	3
798.2537118	5
798.6015284	8
798.949345	5
799.2971616	7
799.6449782	4
799.9927948	6
800.3406114	6
800.6884279	5
801.0362445	5
801.3840611	3
801.7318777	6
802.0796943	10
802.4275109	4
802.7753275	6
803.1231441	3
803.4709607	6
803.8187773	5
804.1665939	4
804.5144105	4
804.8622271	3
805.2100437	8
805.5578603	3
805.9056769	6
806.2534934	4
806.60131	6
806.9491266	6
807.2969432	5
807.6447598	9
807.9925764	5
808.340393	4
808.6882096	3
809.0360262	4
809.3838428	3
809.7316594	4
810.079476	3
810.4272926	5
810.7751092	3
811.1229258	7
811.4707424	3
811.818559	4
812.1663755	5
812.5141921	3
812.8620087	2
813.2098253	7
813.5576419	3
813.9054585	4
814.2532751	7
814.6010917	6
814.9489083	4
815.2967249	6
815.6445415	7
815.9923581	6
816.3401747	4
816.6879913	7
817.0358079	3
817.3836245	8
817.731441	3
818.0792576	3
818.4270742	5
818.7748908	5
819.1227074	4
819.470524	5
819.8183406	6
820.1661572	5
820.5139738	3
820.8617904	4
821.209607	3
821.5574236	2
821.9052402	4
822.2530568	8
822.6008734	11
822.94869	2
823.2965066	9
823.6443231	2
823.9921397	4
824.3399563	6
824.6877729	4
825.0355895	5
825.3834061	3
825.7312227	5
826.0790393	6
826.4268559	3
826.7746725	8
827.1224891	5
827.4703057	4
827.8181223	3
828.1659389	11
828.5137555	2
828.8615721	9
829.2093886	11
829.5572052	5
829.9050218	5
830.2528384	4
830.600655	4
830.9484716	5
831.2962882	5
831.6441048	6
831.9919214	6
832.339738	2
832.6875546	3
833.0353712	6
833.3831878	1
833.7310044	3
834.078821	9
834.4266376	3
834.7744541	7
835.1222707	5
835.4700873	8
835.8179039	5
836.1657205	8
836.5135371	5
836.8613537	3
837.2091703	7
837.5569869	5
837.9048035	9
838.2526201	8
838.6004367	7
838.9482533	7
839.2960699	5
839.6438865	7
839.9917031	6
840.3395197	4
840.6873362	8
841.0351528	4
841.3829694	5
841.730786	1
842.0786026	3
842.4264192	2
842.7742358	8
843.1220524	5
843.469869	4
843.8176856	4
844.1655022	5
844.5133188	7
844.8611354	6
845.208952	5
845.5567686	2
845.9045852	6
846.2524017	6
846.6002183	9
846.9480349	5
847.2958515	7
847.6436681	1
847.9914847	4
848.3393013	6
848.6871179	2
849.0349345	5
849.3827511	7
849.7305677	4
850.0783843	4
850.4262009	3
850.7740175	3
851.1218341	2
851.4696507	5
851.8174672	7
852.1652838	9
852.5131004	0
852.860917	2
853.2087336	6
853.5565502	1
853.9043668	4
854.2521834	7
854.6	5
854.9478166	5
855.2956332	4
855.6434498	6
855.9912664	3
856.339083	5
856.6868996	6
857.0347162	6
857.3825328	6
857.7303493	1
858.0781659	4
858.4259825	4
858.7737991	2
859.1216157	5
859.4694323	6
859.8172489	6
860.1650655	8
860.5128821	11
860.8606987	11
861.2085153	12
861.5563319	5
861.9041485	4
862.2519651	6
862.5997817	2
862.9475983	1
863.2954148	6
863.6432314	7
863.991048	2
864.3388646	4
864.6866812	2
865.0344978	8
865.3823144	4
865.730131	3
866.0779476	4
866.4257642	3
866.7735808	0
867.1213974	5
867.469214	6
867.8170306	7
868.1648472	4
868.5126638	5
868.8604803	3
869.2082969	6
869.5561135	5
869.9039301	4
870.2517467	3
870.5995633	5
870.9473799	3
871.2951965	5
871.6430131	5
871.9908297	6
872.3386463	8
872.6864629	6
873.0342795	4
873.3820961	10
873.7299127	4
874.0777293	3
874.4255459	5
874.7733624	4
875.121179	2
875.4689956	4
875.8168122	4
876.1646288	2
876.5124454	6
876.860262	1
877.2080786	1
877.5558952	1
877.9037118	0
878.2515284	4
878.599345	6
878.9471616	6
879.2949782	8
879.6427948	2
879.9906114	3
880.3384279	8
880.6862445	6
881.0340611	3
881.3818777	3
881.7296943	5
882.0775109	2
882.4253275	3
882.7731441	5
883.1209607	5
883.4687773	2
883.8165939	2
884.1644105	6
884.5122271	3
884.8600437	2
885.2078603	6
885.5556769	1
885.9034934	5
886.25131	4
886.5991266	3
886.9469432	4
887.2947598	5
887.6425764	6
887.990393	3
888.3382096	5
888.6860262	2
889.0338428	1
889.3816594	6
889.729476	5
890.0772926	7
890.4251092	3
890.7729258	6
891.1207424	6
891.468559	6
891.8163755	3
892.1641921	5
892.5120087	9
892.8598253	9
893.2076419	6
893.5554585	4
893.9032751	2
894.2510917	3
894.5989083	10
894.9467249	3
895.2945415	6
895.6423581	2
895.9901747	2
896.3379913	1
896.6858079	2
897.0336245	1
897.381441	8
897.7292576	5
898.0770742	3
898.4248908	6
898.7727074	4
899.120524	1
899.4683406	5
899.8161572	3
900.1639738	4
900.5117904	8
900.859607	3
901.2074236	11
901.5552402	2
901.9030568	7
902.2508734	6
902.59869	5
902.9465066	8
903.2943231	1
903.6421397	3
903.9899563	4
904.3377729	8
904.6855895	5
905.0334061	7
905.3812227	2
905.7290393	6
906.0768559	3
906.4246725	5
906.7724891	5
907.1203057	4
907.4681223	5
907.8159389	5
908.1637555	3
908.5115721	8
908.8593886	6
909.2072052	5
909.5550218	7
909.9028384	6
910.250655	13
910.5984716	21
910.9462882	22
911.2941048	26
911.6419214	13
911.989738	32
912.3375546	8
912.6853712	6
913.0331878	8
913.3810044	4
913.728821	6
914.0766376	4
914.4244541	1
914.7722707	3
915.1200873	4
915.4679039	2
915.8157205	6
916.1635371	4
916.5113537	2
916.8591703	3
917.2069869	5
917.5548035	3
917.9026201	3
918.2504367	3
918.5982533	3
918.9460699	6
919.2938865	4
919.6417031	5
919.9895197	4
920.3373362	3
920.6851528	11
921.0329694	2
921.380786	6
921.7286026	7
922.0764192	3
922.4242358	8
922.7720524	5
923.119869	3
923.4676856	8
923.8155022	4
924.1633188	2
924.5111354	5
924.858952	1
925.2067686	5
925.5545852	2
925.9024017	1
926.2502183	5
926.5980349	5
926.9458515	4
927.2936681	5
927.6414847	4
927.9893013	2
928.3371179	3
928.6849345	2
929.0327511	5
929.3805677	1
929.7283843	2
930.0762009	1
930.4240175	3
930.7718341	8
931.1196507	3
931.4674672	4
931.8152838	5
932.1631004	3
932.510917	6
932.8587336	4
933.2065502	6
933.5543668	4
933.9021834	6
934.25	3
934.5978166	2
934.9456332	8
935.2934498	4
935.6412664	3
935.989083	7
936.3368996	3
936.6847162	7
937.0325328	3
937.3803493	1
937.7281659	3
938.0759825	6
938.4237991	5
938.7716157	0
939.1194323	5
939.4672489	5
939.8150655	3
940.1628821	5
940.5106987	6
940.8585153	0
941.2063319	3
941.5541485	4
941.9019651	5
942.2497817	6
942.5975983	4
942.9454148	5
943.2932314	2
943.641048	3
943.9888646	2
944.3366812	0
944.6844978	4
945.0323144	5
945.380131	8
945.7279476	5
946.0757642	4
946.4235808	3
946.7713974	1
947.119214	3
947.4670306	6
947.8148472	4
948.1626638	5
948.5104803	4
948.8582969	5
949.2061135	4
949.5539301	4
949.9017467	4
950.2495633	4
950.5973799	5
950.9451965	8
951.2930131	2
951.6408297	2
951.9886463	4
952.3364629	5
952.6842795	1
953.0320961	6
953.3799127	10
953.7277293	4
954.0755459	2
954.4233624	3
954.771179	4
955.1189956	7
955.4668122	3
955.8146288	2
956.1624454	10
956.510262	6
956.8580786	4
957.2058952	5
957.5537118	6
957.9015284	4
958.249345	3
958.5971616	1
958.9449782	4
959.2927948	6
959.6406114	7
959.9884279	6
960.3362445	4
960.6840611	1
961.0318777	6
961.3796943	4
961.7275109	3
962.0753275	4
962.4231441	4
962.7709607	3
963.1187773	6
963.4665939	3
963.8144105	8
964.1622271	5
964.5100437	9
964.8578603	13
965.2056769	10
965.5534934	10
965.90131	8
966.2491266	4
966.5969432	2
966.9447598	2
967.2925764	1
967.640393	4
967.9882096	8
968.3360262	12
968.6838428	12
969.0316594	18
969.379476	14
969.7272926	7
970.0751092	8
970.4229258	3
970.7707424	5
971.118559	3
971.4663755	5
971.8141921	8
972.1620087	3
972.5098253	3
972.8576419	4
973.2054585	7
973.5532751	2
973.9010917	4
974.2489083	3
974.5967249	5
974.9445415	3
975.2923581	3
975.6401747	1
975.9879913	1
976.3358079	4
976.6836245	4
977.031441	6
977.3792576	2
977.7270742	6
978.0748908	4
978.4227074	3
978.770524	0
979.1183406	8
979.4661572	6
979.8139738	5
980.1617904	6
980.509607	7
980.8574236	3
981.2052402	4
981.5530568	3
981.9008734	2
982.24869	5
982.5965066	4
982.9443231	3
983.2921397	1
983.6399563	4
983.9877729	5
984.3355895	1
984.6834061	5
985.0312227	2
985.3790393	5
985.7268559	6
986.0746725	3
986.4224891	7
986.7703057	2
987.1181223	2
987.4659389	3
987.8137555	4
988.1615721	5
988.5093886	4
988.8572052	3
989.2050218	3
989.5528384	3
989.900655	4
990.2484716	1
990.5962882	2
990.9441048	3
991.2919214	7
991.639738	4
991.9875546	2
992.3353712	2
992.6831878	5
993.0310044	5
993.378821	4
993.7266376	3
994.0744541	3
994.4222707	2
994.7700873	6
995.1179039	4
995.4657205	7
995.8135371	3
996.1613537	1
996.5091703	4
996.8569869	4
997.2048035	4
997.5526201	3
997.9004367	1
998.2482533	4
998.5960699	2
998.9438865	3
999.2917031	5
999.6395197	1
999.9873362	3
1000.335153	3
1000.682969	3
1001.030786	3
1001.378603	4
1001.726419	5
1002.074236	2
1002.422052	3
1002.769869	4
1003.117686	4
1003.465502	4
1003.813319	6
1004.161135	4
1004.508952	3
1004.856769	4
1005.204585	3
1005.552402	6
1005.900218	4
1006.248035	2
1006.595852	4
1006.943668	6
1007.291485	1
1007.639301	4
1007.987118	5
1008.334934	5
1008.682751	1
1009.030568	3
1009.378384	2
1009.726201	7
1010.074017	3
1010.421834	6
1010.769651	2
1011.117467	1
1011.465284	4
1011.8131	2
1012.160917	2
1012.508734	1
1012.85655	4
1013.204367	3
1013.552183	11
1013.9	2
1014.247817	4
1014.595633	3
1014.94345	6
1015.291266	3
1015.639083	2
1015.9869	1
1016.334716	5
1016.682533	5
1017.030349	1
1017.378166	3
1017.725983	4
1018.073799	4
1018.421616	2
1018.769432	4
1019.117249	3
1019.465066	5
1019.812882	3
1020.160699	3
1020.508515	5
1020.856332	9
1021.204148	5
1021.551965	6
1021.899782	2
1022.247598	2
1022.595415	4
1022.943231	7
1023.291048	3
1023.638865	3
1023.986681	3
1024.334498	5
1024.682314	2
1025.030131	1
1025.377948	3
1025.725764	6
1026.073581	1
1026.421397	1
1026.769214	3
1027.117031	4
1027.464847	8
1027.812664	3
1028.16048	3
1028.508297	1
1028.856114	1
1029.20393	6
1029.551747	1
1029.899563	2
1030.24738	8
1030.595197	4
1030.943013	3
1031.29083	5
1031.638646	0
1031.986463	2
1032.334279	2
1032.682096	4
1033.029913	4
1033.377729	4
1033.725546	1
1034.073362	4
1034.421179	3
1034.768996	3
1035.116812	6
1035.464629	8
1035.812445	6
1036.160262	4
1036.508079	4
1036.855895	4
1037.203712	3
1037.551528	4
1037.899345	4
1038.247162	1
1038.594978	1
1038.942795	4
1039.290611	1
1039.638428	1
1039.986245	2
1040.334061	2
1040.681878	0
1041.029694	7
1041.377511	2
1041.725328	4
1042.073144	2
1042.420961	5
1042.768777	3
1043.116594	2
1043.46441	3
1043.812227	4
1044.160044	4
1044.50786	5
1044.855677	3
1045.203493	2
1045.55131	2
1045.899127	1
1046.246943	0
1046.59476	4
1046.942576	5
1047.290393	0
1047.63821	4
1047.986026	1
1048.333843	4
1048.681659	1
1049.029476	3
1049.377293	4
1049.725109	3
1050.072926	6
1050.420742	4
1050.768559	7
1051.116376	3
1051.464192	2
1051.812009	2
1052.159825	5
1052.507642	6
1052.855459	2
1053.203275	5
1053.551092	6
1053.898908	2
1054.246725	0
1054.594541	5
1054.942358	5
1055.290175	2
1055.637991	1
1055.985808	3
1056.333624	3
1056.681441	2
1057.029258	4
1057.377074	5
1057.724891	3
1058.072707	1
1058.420524	2
1058.768341	3
1059.116157	3
1059.463974	2
1059.81179	3
1060.159607	6
1060.507424	1
1060.85524	3
1061.203057	3
1061.550873	8
1061.89869	6
1062.246507	8
1062.594323	1
1062.94214	3
1063.289956	6
1063.637773	3
1063.98559	4
1064.333406	5
1064.681223	3
1065.029039	5
1065.376856	2
1065.724672	3
1066.072489	2
1066.420306	5
1066.768122	2
1067.115939	1
1067.463755	4
1067.811572	6
1068.159389	10
1068.507205	1
1068.855022	7
1069.202838	3
1069.550655	2
1069.898472	3
1070.246288	4
1070.594105	1
1070.941921	3
1071.289738	5
1071.637555	2
1071.985371	2
1072.333188	1
1072.681004	3
1073.028821	5
1073.376638	5
1073.724454	6
1074.072271	5
1074.420087	3
1074.767904	3
1075.115721	4
1075.463537	0
1075.811354	4
1076.15917	3
1076.506987	1
1076.854803	2
1077.20262	1
1077.550437	5
1077.898253	3
1078.24607	3
1078.593886	3
1078.941703	4
1079.28952	4
1079.637336	3
1079.985153	5
1080.332969	3
1080.680786	2
1081.028603	1
1081.376419	4
1081.724236	5
1082.072052	6
1082.419869	5
1082.767686	5
1083.115502	4
1083.463319	1
1083.811135	6
1084.158952	5
1084.506769	0
1084.854585	3
1085.202402	1
1085.550218	3
1085.898035	1
1086.245852	4
1086.593668	3
1086.941485	2
1087.289301	6
1087.637118	3
1087.984934	4
1088.332751	6
1088.680568	6
1089.028384	4
1089.376201	2
1089.724017	7
1090.071834	3
1090.419651	0
1090.767467	5
1091.115284	2
1091.4631	4
1091.810917	3
1092.158734	2
1092.50655	2
1092.854367	6
1093.202183	5
1093.55	4
1093.897817	2
1094.245633	1
1094.59345	6
1094.941266	3
1095.289083	3
1095.6369	4
1095.984716	1
1096.332533	5
1096.680349	4
1097.028166	3
1097.375983	3
1097.723799	6
1098.071616	3
1098.419432	2
1098.767249	5
1099.115066	5
1099.462882	3
1099.810699	4
1100.158515	2
1100.506332	3
1100.854148	3
1101.201965	3
1101.549782	8
1101.897598	0
1102.245415	7
1102.593231	0
1102.941048	5
1103.288865	4
1103.636681	1
1103.984498	5
1104.332314	7
1104.680131	6
1105.027948	1
1105.375764	4
1105.723581	4
1106.071397	3
1106.419214	5
1106.767031	6
1107.114847	4
1107.462664	3
1107.81048	4
1108.158297	4
1108.506114	5
1108.85393	3
1109.201747	4
1109.549563	8
1109.89738	7
1110.245197	2
1110.593013	3
1110.94083	5
1111.288646	4
1111.636463	1
1111.984279	2
1112.332096	3
1112.679913	6
1113.027729	8
1113.375546	4
1113.723362	6
1114.071179	4
1114.418996	8
1114.766812	2
1115.114629	5
1115.462445	1
1115.810262	2
1116.158079	3
1116.505895	7
1116.853712	2
1117.201528	6
1117.549345	3
1117.897162	4
1118.244978	7
1118.592795	4
1118.940611	7
1119.288428	8
1119.636245	14
1119.984061	4
1120.331878	11
1120.679694	9
1121.027511	14
1121.375328	9
1121.723144	9
1122.070961	5
1122.418777	3
1122.766594	5
1123.11441	4
1123.462227	2
1123.810044	3
1124.15786	3
1124.505677	6
1124.853493	2
1125.20131	3
1125.549127	4
1125.896943	3
1126.24476	2
1126.592576	2
1126.940393	5
1127.28821	2
1127.636026	2
1127.983843	2
1128.331659	5
1128.679476	5
1129.027293	3
1129.375109	4
1129.722926	4
1130.070742	1
1130.418559	3
1130.766376	2
1131.114192	10
1131.462009	2
1131.809825	5
1132.157642	5
1132.505459	4
1132.853275	3
1133.201092	4
1133.548908	5
1133.896725	7
1134.244541	2
1134.592358	8
1134.940175	2
1135.287991	5
1135.635808	2
1135.983624	6
1136.331441	4
1136.679258	5
1137.027074	6
1137.374891	0
1137.722707	3
1138.070524	2
1138.418341	6
1138.766157	3
1139.113974	2
1139.46179	3
1139.809607	5
1140.157424	2
1140.50524	7
1140.853057	2
1141.200873	6
1141.54869	1
1141.896507	2
1142.244323	4
1142.59214	4
1142.939956	8
1143.287773	5
1143.63559	4
1143.983406	3
1144.331223	5
1144.679039	1
1145.026856	3
1145.374672	3
1145.722489	3
1146.070306	5
1146.418122	3
1146.765939	3
1147.113755	5
1147.461572	4
1147.809389	4
1148.157205	3
1148.505022	3
1148.852838	3
1149.200655	6
1149.548472	2
1149.896288	3
1150.244105	4
1150.591921	5
1150.939738	4
1151.287555	5
1151.635371	2
1151.983188	4
1152.331004	4
1152.678821	5
1153.026638	6
1153.374454	4
1153.722271	2
1154.070087	5
1154.417904	2
1154.765721	9
1155.113537	3
1155.461354	3
1155.80917	8
1156.156987	1
1156.504803	1
1156.85262	0
1157.200437	3
1157.548253	4
1157.89607	0
1158.243886	7
1158.591703	2
1158.93952	7
1159.287336	8
1159.635153	1
1159.982969	5
1160.330786	4
1160.678603	3
1161.026419	2
1161.374236	6
1161.722052	2
1162.069869	7
1162.417686	2
1162.765502	5
1163.113319	2
1163.461135	3
1163.808952	2
1164.156769	5
1164.504585	5
1164.852402	3
1165.200218	5
1165.548035	4
1165.895852	4
1166.243668	9
1166.591485	5
1166.939301	3
1167.287118	1
1167.634934	5
1167.982751	4
1168.330568	2
1168.678384	1
1169.026201	4
1169.374017	3
1169.721834	2
1170.069651	6
1170.417467	6
1170.765284	3
1171.1131	5
1171.460917	3
1171.808734	4
1172.15655	5
1172.504367	5
1172.852183	5
1173.2	8
1173.547817	8
1173.895633	6
1174.24345	8
1174.591266	7
1174.939083	2
1175.2869	6
1175.634716	6
1175.982533	3
1176.330349	6
1176.678166	6
1177.025983	5
1177.373799	5
1177.721616	8
1178.069432	3
1178.417249	4
1178.765066	2
1179.112882	3
1179.460699	3
1179.808515	4
1180.156332	9
1180.504148	3
1180.851965	6
1181.199782	4
1181.547598	5
1181.895415	6
1182.243231	4
1182.591048	1
1182.938865	6
1183.286681	2
1183.634498	4
1183.982314	1
1184.330131	3
1184.677948	1
1185.025764	5
1185.373581	6
1185.721397	3
1186.069214	3
1186.417031	3
1186.764847	6
1187.112664	0
1187.46048	4
1187.808297	3
1188.156114	6
1188.50393	3
1188.851747	3
1189.199563	7
1189.54738	3
1189.895197	3
1190.243013	4
1190.59083	3
1190.938646	5
1191.286463	5
1191.634279	6
1191.982096	6
1192.329913	2
1192.677729	4
1193.025546	1
1193.373362	1
1193.721179	2
1194.068996	4
1194.416812	3
1194.764629	2
1195.112445	4
1195.460262	3
1195.808079	1
1196.155895	5
1196.503712	5
1196.851528	3
1197.199345	3
1197.547162	3
1197.894978	1
1198.242795	3
1198.590611	2
1198.938428	4
1199.286245	3
1199.634061	4
1199.981878	6
1200.329694	5
1200.677511	5
1201.025328	2
1201.373144	5
1201.720961	5
1202.068777	4
1202.416594	1
1202.76441	6
1203.112227	2
1203.460044	6
1203.80786	3
1204.155677	5
1204.503493	3
1204.85131	3
1205.199127	2
1205.546943	3
1205.89476	5
1206.242576	2
1206.590393	3
1206.93821	6
1207.286026	8
1207.633843	3
1207.981659	3
1208.329476	4
1208.677293	8
1209.025109	5
1209.372926	7
1209.720742	5
1210.068559	5
1210.416376	2
1210.764192	5
1211.112009	4
1211.459825	1
1211.807642	4
1212.155459	1
1212.503275	3
1212.851092	4
1213.198908	5
1213.546725	1
1213.894541	6
1214.242358	2
1214.590175	5
1214.937991	4
1215.285808	4
1215.633624	3
1215.981441	8
1216.329258	4
1216.677074	5
1217.024891	2
1217.372707	2
1217.720524	3
1218.068341	4
1218.416157	2
1218.763974	4
1219.11179	5
1219.459607	3
1219.807424	3
1220.15524	5
1220.503057	1
1220.850873	4
1221.19869	3
1221.546507	3
1221.894323	6
1222.24214	2
1222.589956	2
1222.937773	2
1223.28559	3
1223.633406	3
1223.981223	1
1224.329039	0
1224.676856	3
1225.024672	4
1225.372489	3
1225.720306	8
1226.068122	5
1226.415939	3
1226.763755	2
1227.111572	6
1227.459389	2
1227.807205	5
1228.155022	3
1228.502838	10
1228.850655	5
1229.198472	1
1229.546288	2
1229.894105	1
1230.241921	11
1230.589738	3
1230.937555	2
1231.285371	1
1231.633188	6
1231.981004	5
1232.328821	5
1232.676638	7
1233.024454	2
1233.372271	4
1233.720087	4
1234.067904	1
1234.415721	3
1234.763537	6
1235.111354	4
1235.45917	3
1235.806987	4
1236.154803	4
1236.50262	6
1236.850437	3
1237.198253	3
1237.54607	6
1237.893886	3
1238.241703	4
1238.58952	13
1238.937336	7
1239.285153	5
1239.632969	10
1239.980786	7
1240.328603	8
1240.676419	3
1241.024236	3
1241.372052	1
1241.719869	4
1242.067686	0
1242.415502	5
1242.763319	0
1243.111135	3
1243.458952	3
1243.806769	2
1244.154585	3
1244.502402	1
1244.850218	2
1245.198035	4
1245.545852	3
1245.893668	2
1246.241485	4
1246.589301	6
1246.937118	5
1247.284934	3
1247.632751	2
1247.980568	4
1248.328384	1
1248.676201	3
1249.024017	3
1249.371834	4
1249.719651	5
1250.067467	7
1250.415284	2
1250.7631	7
1251.110917	3
1251.458734	3
1251.80655	2
1252.154367	2
1252.502183	4
1252.85	5
1253.197817	5
1253.545633	1
1253.89345	1
1254.241266	4
1254.589083	2
1254.9369	3
1255.284716	2
1255.632533	6
1255.980349	5
1256.328166	5
1256.675983	4
1257.023799	7
1257.371616	4
1257.719432	1
1258.067249	1
1258.415066	0
1258.762882	2
1259.110699	2
1259.458515	4
1259.806332	1
1260.154148	5
1260.501965	3
1260.849782	1
1261.197598	3
1261.545415	3
1261.893231	5
1262.241048	3
1262.588865	1
1262.936681	2
1263.284498	1
1263.632314	2
1263.980131	3
1264.327948	2
1264.675764	1
1265.023581	6
1265.371397	1
1265.719214	3
1266.067031	2
1266.414847	0
1266.762664	2
1267.11048	5
1267.458297	2
1267.806114	1
1268.15393	0
1268.501747	3
1268.849563	6
1269.19738	3
1269.545197	4
1269.893013	2
1270.24083	3
1270.588646	2
1270.936463	3
1271.284279	3
1271.632096	1
1271.979913	2
1272.327729	2
1272.675546	0
1273.023362	5
1273.371179	1
1273.718996	0
1274.066812	4
1274.414629	6
1274.762445	2
1275.110262	2
1275.458079	4
1275.805895	2
1276.153712	6
1276.501528	1
1276.849345	0
1277.197162	3
1277.544978	4
1277.892795	3
1278.240611	0
1278.588428	3
1278.936245	6
1279.284061	6
1279.631878	6
1279.979694	4
1280.327511	5
1280.675328	5
1281.023144	1
1281.370961	3
1281.718777	5
1282.066594	0
1282.41441	2
1282.762227	0
1283.110044	2
1283.45786	2
1283.805677	4
1284.153493	2
1284.50131	2
1284.849127	1
1285.196943	5
1285.54476	2
1285.892576	2
1286.240393	5
1286.58821	1
1286.936026	3
1287.283843	1
1287.631659	4
1287.979476	2
1288.327293	2
1288.675109	3
1289.022926	5
1289.370742	1
1289.718559	3
1290.066376	3
1290.414192	2
1290.762009	0
1291.109825	2
1291.457642	2
1291.805459	1
1292.153275	0
1292.501092	1
1292.848908	0
1293.196725	2
1293.544541	4
1293.892358	1
1294.240175	4
1294.587991	1
1294.935808	2
1295.283624	2
1295.631441	0
1295.979258	3
1296.327074	5
1296.674891	5
1297.022707	2
1297.370524	0
1297.718341	3
1298.066157	5
1298.413974	0
1298.76179	2
1299.109607	0
1299.457424	1
1299.80524	3
1300.153057	1
1300.500873	3
1300.84869	0
1301.196507	2
1301.544323	3
1301.89214	2
1302.239956	2
1302.587773	4
1302.93559	1
1303.283406	2
1303.631223	4
1303.979039	2
1304.326856	2
1304.674672	2
1305.022489	2
1305.370306	4
1305.718122	1
1306.065939	3
1306.413755	2
1306.761572	3
1307.109389	4
1307.457205	4
1307.805022	5
1308.152838	3
1308.500655	2
1308.848472	2
1309.196288	4
1309.544105	1
1309.891921	3
1310.239738	2
1310.587555	0
1310.935371	1
1311.283188	3
1311.631004	5
1311.978821	3
1312.326638	0
1312.674454	3
1313.022271	6
1313.370087	1
1313.717904	2
1314.065721	2
1314.413537	1
1314.761354	1
1315.10917	1
1315.456987	3
1315.804803	3
1316.15262	1
1316.500437	2
1316.848253	3
1317.19607	1
1317.543886	0
1317.891703	4
1318.23952	2
1318.587336	1
1318.935153	1
1319.282969	2
1319.630786	0
1319.978603	2
1320.326419	0
1320.674236	3
1321.022052	3
1321.369869	1
1321.717686	1
1322.065502	0
1322.413319	0
1322.761135	1
1323.108952	3
1323.456769	3
1323.804585	1
1324.152402	2
1324.500218	1
1324.848035	1
1325.195852	2
1325.543668	1
1325.891485	2
1326.239301	0
1326.587118	1
1326.934934	0
1327.282751	2
1327.630568	1
1327.978384	4
1328.326201	0
1328.674017	3
1329.021834	3
1329.369651	2
1329.717467	4
1330.065284	2
1330.4131	2
1330.760917	2
1331.108734	4
1331.45655	3
1331.804367	1
1332.152183	3
1332.5	1
1332.847817	2
1333.195633	2
1333.54345	2
1333.891266	2
1334.239083	3
1334.5869	1
1334.934716	2
1335.282533	3
1335.630349	2
1335.978166	1
1336.325983	1
1336.673799	1
1337.021616	2
1337.369432	1
1337.717249	0
1338.065066	3
1338.412882	1
1338.760699	1
1339.108515	3
1339.456332	1
1339.804148	3
1340.151965	2
1340.499782	3
1340.847598	3
1341.195415	5
1341.543231	2
1341.891048	3
1342.238865	2
1342.586681	0
1342.934498	1
1343.282314	0
1343.630131	1
1343.977948	0
1344.325764	0
1344.673581	1
1345.021397	4
1345.369214	0
1345.717031	3
1346.064847	3
1346.412664	0
1346.76048	0
1347.108297	3
1347.456114	2
1347.80393	0
1348.151747	1
1348.499563	1
1348.84738	1
1349.195197	1
1349.543013	0
1349.89083	0
1350.238646	0
1350.586463	0
1350.934279	2
1351.282096	0
1351.629913	1
1351.977729	3
1352.325546	2
1352.673362	1
1353.021179	1
1353.368996	6
1353.716812	2
1354.064629	2
1354.412445	2
1354.760262	2
1355.108079	1
1355.455895	2
1355.803712	2
1356.151528	0
1356.499345	3
1356.847162	1
1357.194978	2
1357.542795	1
1357.890611	1
1358.238428	1
1358.586245	0
1358.934061	1
1359.281878	1
1359.629694	0
1359.977511	0
1360.325328	0
1360.673144	1
1361.020961	1
1361.368777	1
1361.716594	2
1362.06441	3
1362.412227	1
1362.760044	2
1363.10786	1
1363.455677	0
1363.803493	2
1364.15131	5
1364.499127	2
1364.846943	1
1365.19476	1
1365.542576	1
1365.890393	0
1366.23821	1
1366.586026	1
1366.933843	1
1367.281659	2
1367.629476	2
1367.977293	0
1368.325109	2
1368.672926	1
1369.020742	1
1369.368559	3
1369.716376	2
1370.064192	2
1370.412009	3
1370.759825	2
1371.107642	2
1371.455459	2
1371.803275	2
1372.151092	0
1372.498908	2
1372.846725	2
1373.194541	2
1373.542358	3
1373.890175	2
1374.237991	0
1374.585808	3
1374.933624	1
1375.281441	2
1375.629258	1
1375.977074	0
1376.324891	5
1376.672707	2
1377.020524	3
1377.368341	4
1377.716157	2
1378.063974	6
1378.41179	2
1378.759607	4
1379.107424	2
1379.45524	2
1379.803057	2
1380.150873	1
1380.49869	2
1380.846507	2
1381.194323	3
1381.54214	3
1381.889956	1
1382.237773	1
1382.58559	0
1382.933406	0
1383.281223	1
1383.629039	1
1383.976856	0
1384.324672	3
1384.672489	2
1385.020306	3
1385.368122	1
1385.715939	1
1386.063755	2
1386.411572	2
1386.759389	3
1387.107205	1
1387.455022	3
1387.802838	3
1388.150655	0
1388.498472	0
1388.846288	0
1389.194105	3
1389.541921	1
1389.889738	1
1390.237555	1
1390.585371	0
1390.933188	3
1391.281004	0
1391.628821	4
1391.976638	2
1392.324454	4
1392.672271	1
1393.020087	0
1393.367904	1
1393.715721	0
1394.063537	3
1394.411354	0
1394.75917	3
1395.106987	0
1395.454803	1
1395.80262	1
1396.150437	3
1396.498253	1
1396.84607	0
1397.193886	1
1397.541703	0
1397.88952	3
1398.237336	1
1398.585153	2
1398.932969	1
1399.280786	1
1399.628603	1
1399.976419	0
1400.324236	4
1400.672052	3
1401.019869	0
1401.367686	2
1401.715502	1
1402.063319	0
1402.411135	1
1402.758952	3
1403.106769	1
1403.454585	1
1403.802402	0
1404.150218	0
1404.498035	1
1404.845852	3
1405.193668	3
1405.541485	0
1405.889301	1
1406.237118	0
1406.584934	2
1406.932751	1
1407.280568	0
1407.628384	3
1407.976201	1
1408.324017	3
1408.671834	0
1409.019651	5
1409.367467	3
1409.715284	2
1410.0631	0
1410.410917	1
1410.758734	3
1411.10655	3
1411.454367	2
1411.802183	2
1412.15	0
1412.497817	1
1412.845633	0
1413.19345	2
1413.541266	0
1413.889083	3
1414.2369	0
1414.584716	0
1414.932533	1
1415.280349	3
1415.628166	1
1415.975983	0
1416.323799	3
1416.671616	2
1417.019432	2
1417.367249	3
1417.715066	4
1418.062882	2
1418.410699	1
1418.758515	0
1419.106332	1
1419.454148	3
1419.801965	1
1420.149782	2
1420.497598	0
1420.845415	2
1421.193231	3
1421.541048	2
1421.888865	0
1422.236681	3
1422.584498	3
1422.932314	0
1423.280131	1
1423.627948	2
1423.975764	2
1424.323581	2
1424.671397	0
1425.019214	4
1425.367031	1
1425.714847	0
1426.062664	1
1426.41048	4
1426.758297	1
1427.106114	2
1427.45393	2
1427.801747	1
1428.149563	2
1428.49738	2
1428.845197	0
1429.193013	0
1429.54083	1
1429.888646	2
1430.236463	2