5.927510917	0
6.275327511	0
6.623144105	0
6.970960699	0
7.318777293	0
7.666593886	0
8.01441048	0
8.362227074	0
8.710043668	0
9.057860262	0
9.405676856	0
9.75349345	0
10.10131004	0
10.44912664	0
10.79694323	0
11.14475983	0
11.49257642	0
11.84039301	0
12.18820961	0
12.5360262	0
12.88384279	0
13.23165939	0
13.57947598	0
13.92729258	0
14.27510917	0
14.62292576	0
14.97074236	0
15.31855895	0
15.66637555	0
16.01419214	0
16.36200873	0
16.70982533	0
17.05764192	0
17.40545852	0
17.75327511	0
18.1010917	0
18.4489083	0
18.79672489	0
19.14454148	0
19.49235808	0
19.84017467	0
20.18799127	0
20.53580786	0
20.88362445	0
21.23144105	0
21.57925764	0
21.92707424	0
22.27489083	0
22.62270742	0
22.97052402	0
23.31834061	0
23.66615721	0
24.0139738	0
24.36179039	0
24.70960699	0
25.05742358	0
25.40524017	0
25.75305677	0
26.10087336	0
26.44868996	0
26.79650655	0
27.14432314	0
27.49213974	0
27.83995633	0
28.18777293	0
28.53558952	0
28.88340611	0
29.23122271	0
29.5790393	0
29.9268559	0
30.27467249	0
30.62248908	0
30.97030568	0
31.31812227	1
31.66593886	1
32.01375546	7
32.36157205	14
32.70938865	32
33.05720524	54
33.40502183	57
33.75283843	63
34.10065502	69
34.44847162	79
34.79628821	90
35.1441048	68
35.4919214	80
35.83973799	97
36.18755459	98
36.53537118	113
36.88318777	113
37.23100437	116
37.57882096	133
37.92663755	118
38.27445415	143
38.62227074	155
38.97008734	138
39.31790393	151
39.66572052	153
40.01353712	131
40.36135371	142
40.70917031	128
41.0569869	120
41.40480349	104
41.75262009	106
42.10043668	91
42.44825328	89
42.79606987	94
43.14388646	83
43.49170306	80
43.83951965	85
44.18733624	78
44.53515284	67
44.88296943	75
45.23078603	93
45.57860262	80
45.92641921	83
46.27423581	71
46.6220524	74
46.969869	87
47.31768559	70
47.66550218	83
48.01331878	85
48.36113537	77
48.70895197	76
49.05676856	87
49.40458515	76
49.75240175	88
50.10021834	80
50.44803493	75
50.79585153	79
51.14366812	110
51.49148472	90
51.83930131	90
52.1871179	96
52.5349345	103
52.88275109	87
53.23056769	74
53.57838428	87
53.92620087	94
54.27401747	105
54.62183406	101
54.96965066	98
55.31746725	100
55.66528384	115
56.01310044	85
56.36091703	97
56.70873362	90
57.05655022	89
57.40436681	119
57.75218341	106
58.1	108
58.44781659	124
58.79563319	115
59.14344978	100
59.49126638	99
59.83908297	109
60.18689956	108
60.53471616	113
60.88253275	115
61.23034934	88
61.57816594	100
61.92598253	121
62.27379913	102
62.62161572	115
62.96943231	114
63.31724891	129
63.6650655	107
64.0128821	127
64.36069869	115
64.70851528	96
65.05633188	123
65.40414847	111
65.75196507	119
66.09978166	111
66.44759825	115
66.79541485	118
67.14323144	100
67.49104803	120
67.83886463	145
68.18668122	118
68.53449782	136
68.88231441	116
69.230131	153
69.5779476	148
69.92576419	145
70.27358079	133
70.62139738	147
70.96921397	137
71.31703057	117
71.66484716	153
72.01266376	165
72.36048035	166
72.70829694	149
73.05611354	133
73.40393013	123
73.75174672	139
74.09956332	158
74.44737991	162
74.79519651	165
75.1430131	162
75.49082969	137
75.83864629	126
76.18646288	153
76.53427948	148
76.88209607	111
77.22991266	152
77.57772926	125
77.92554585	154
78.27336245	173
78.62117904	142
78.96899563	130
79.31681223	170
79.66462882	160
80.01244541	151
80.36026201	161
80.7080786	168
81.0558952	156
81.40371179	157
81.75152838	149
82.09934498	154
82.44716157	169
82.79497817	159
83.14279476	143
83.49061135	174
83.83842795	164
84.18624454	175
84.53406114	153
84.88187773	196
85.22969432	168
85.57751092	190
85.92532751	154
86.2731441	178
86.6209607	180
86.96877729	190
87.31659389	193
87.66441048	174
88.01222707	158
88.36004367	185
88.70786026	167
89.05567686	189
89.40349345	186
89.75131004	198
90.09912664	202
90.44694323	192
90.79475983	208
91.14257642	187
91.49039301	173
91.83820961	160
92.1860262	174
92.53384279	183
92.88165939	190
93.22947598	172
93.57729258	185
93.92510917	175
94.27292576	184
94.62074236	165
94.96855895	179
95.31637555	171
95.66419214	164
96.01200873	181
96.35982533	192
96.70764192	157
97.05545852	180
97.40327511	155
97.7510917	170
98.0989083	179
98.44672489	193
98.79454148	161
99.14235808	185
99.49017467	178
99.83799127	190
100.1858079	188
100.5336245	173
100.881441	190
101.2292576	194
101.5770742	183
101.9248908	160
102.2727074	166
102.620524	175
102.9683406	209
103.3161572	180
103.6639738	180
104.0117904	190
104.359607	157
104.7074236	164
105.0552402	177
105.4030568	160
105.7508734	178
106.09869	189
106.4465066	191
106.7943231	181
107.1421397	192
107.4899563	181
107.8377729	192
108.1855895	173
108.5334061	151
108.8812227	176
109.2290393	181
109.5768559	161
109.9246725	172
110.2724891	193
110.6203057	185
110.9681223	192
111.3159389	187
111.6637555	192
112.0115721	150
112.3593886	167
112.7072052	170
113.0550218	193
113.4028384	173
113.750655	171
114.0984716	165
114.4462882	164
114.7941048	177
115.1419214	187
115.489738	208
115.8375546	172
116.1853712	179
116.5331878	181
116.8810044	160
117.228821	210
117.5766376	155
117.9244541	182
118.2722707	175
118.6200873	173
118.9679039	181
119.3157205	175
119.6635371	187
120.0113537	200
120.3591703	177
120.7069869	156
121.0548035	187
121.4026201	178
121.7504367	171
122.0982533	164
122.4460699	187
122.7938865	165
123.1417031	187
123.4895197	147
123.8373362	199
124.1851528	166
124.5329694	175
124.880786	187
125.2286026	193
125.5764192	164
125.9242358	187
126.2720524	186
126.619869	172
126.9676856	169
127.3155022	183
127.6633188	167
128.0111354	179
128.358952	149
128.7067686	143
129.0545852	162
129.4024017	168
129.7502183	162
130.0980349	162
130.4458515	178
130.7936681	162
131.1414847	163
131.4893013	173
131.8371179	163
132.1849345	141
132.5327511	165
132.8805677	154
133.2283843	180
133.5762009	153
133.9240175	174
134.2718341	171
134.6196507	147
134.9674672	171
135.3152838	176
135.6631004	171
136.010917	162
136.3587336	157
136.7065502	156
137.0543668	156
137.4021834	178
137.75	172
138.0978166	171
138.4456332	159
138.7934498	160
139.1412664	148
139.489083	155
139.8368996	132
140.1847162	149
140.5325328	164
140.8803493	136
141.2281659	143
141.5759825	164
141.9237991	164
142.2716157	153
142.6194323	146
142.9672489	162
143.3150655	146
143.6628821	158
144.0106987	145
144.3585153	154
144.7063319	146
145.0541485	146
145.4019651	180
145.7497817	140
146.0975983	141
146.4454148	156
146.7932314	140
147.141048	132
147.4888646	145
147.8366812	130
148.1844978	149
148.5323144	139
148.880131	135
149.2279476	168
149.5757642	145
149.9235808	147
150.2713974	121
150.619214	141
150.9670306	122
151.3148472	143
151.6626638	135
152.0104803	128
152.3582969	157
152.7061135	125
153.0539301	154
153.4017467	132
153.7495633	157
154.0973799	123
154.4451965	131
154.7930131	145
155.1408297	143
155.4886463	119
155.8364629	138
156.1842795	129
156.5320961	162
156.8799127	134
157.2277293	115
157.5755459	119
157.9233624	138
158.271179	146
158.6189956	127
158.9668122	121
159.3146288	135
159.6624454	120
160.010262	136
160.3580786	123
160.7058952	110
161.0537118	137
161.4015284	124
161.749345	120
162.0971616	137
162.4449782	139
162.7927948	128
163.1406114	106
163.4884279	110
163.8362445	118
164.1840611	134
164.5318777	141
164.8796943	137
165.2275109	120
165.5753275	127
165.9231441	122
166.2709607	119
166.6187773	123
166.9665939	113
167.3144105	142
167.6622271	115
168.0100437	113
168.3578603	105
168.7056769	118
169.0534934	121
169.40131	114
169.7491266	106
170.0969432	106
170.4447598	112
170.7925764	113
171.140393	106
171.4882096	91
171.8360262	115
172.1838428	107
172.5316594	115
172.879476	116
173.2272926	97
173.5751092	105
173.9229258	129
174.2707424	106
174.618559	117
174.9663755	129
175.3141921	93
175.6620087	107
176.0098253	116
176.3576419	111
176.7054585	120
177.0532751	103
177.4010917	102
177.7489083	117
178.0967249	111
178.4445415	107
178.7923581	99
179.1401747	125
179.4879913	117
179.8358079	101
180.1836245	104
180.531441	105
180.8792576	96
181.2270742	95
181.5748908	98
181.9227074	93
182.270524	108
182.6183406	131
182.9661572	99
183.3139738	127
183.6617904	123
184.009607	127
184.3574236	121
184.7052402	102
185.0530568	110
185.4008734	106
185.74869	96
186.0965066	89
186.4443231	113
186.7921397	118
187.1399563	94
187.4877729	95
187.8355895	93
188.1834061	68
188.5312227	97
188.8790393	92
189.2268559	88
189.5746725	92
189.9224891	84
190.2703057	96
190.6181223	102
190.9659389	93
191.3137555	95
191.6615721	108
192.0093886	106
192.3572052	97
192.7050218	113
193.0528384	80
193.400655	71
193.7484716	95
194.0962882	92
194.4441048	83
194.7919214	97
195.139738	83
195.4875546	81
195.8353712	101
196.1831878	94
196.5310044	103
196.878821	85
197.2266376	90
197.5744541	92
197.9222707	92
198.2700873	80
198.6179039	98
198.9657205	63
199.3135371	87
199.6613537	98
200.0091703	101
200.3569869	68
200.7048035	89
201.0526201	84
201.4004367	100
201.7482533	77
202.0960699	71
202.4438865	85
202.7917031	73
203.1395197	83
203.4873362	94
203.8351528	103
204.1829694	95
204.530786	78
204.8786026	71
205.2264192	85
205.5742358	94
205.9220524	79
206.269869	88
206.6176856	89
206.9655022	70
207.3133188	83
207.6611354	97
208.008952	69
208.3567686	100
208.7045852	84
209.0524017	79
209.4002183	69
209.7480349	77
210.0958515	65
210.4436681	87
210.7914847	68
211.1393013	74
211.4871179	73
211.8349345	78
212.1827511	64
212.5305677	85
212.8783843	74
213.2262009	70
213.5740175	82
213.9218341	64
214.2696507	67
214.6174672	81
214.9652838	78
215.3131004	80
215.660917	75
216.0087336	89
216.3565502	84
216.7043668	70
217.0521834	70
217.4	86
217.7478166	68
218.0956332	76
218.4434498	74
218.7912664	65
219.139083	70
219.4868996	57
219.8347162	80
220.1825328	61
220.5303493	76
220.8781659	66
221.2259825	70
221.5737991	71
221.9216157	63
222.2694323	68
222.6172489	70
222.9650655	70
223.3128821	73
223.6606987	69
224.0085153	73
224.3563319	60
224.7041485	77
225.0519651	71
225.3997817	59
225.7475983	58
226.0954148	79
226.4432314	74
226.791048	73
227.1388646	74
227.4866812	74
227.8344978	70
228.1823144	59
228.530131	76
228.8779476	58
229.2257642	81
229.5735808	59
229.9213974	65
230.269214	66
230.6170306	59
230.9648472	64
231.3126638	68
231.6604803	66
232.0082969	65
232.3561135	55
232.7039301	67
233.0517467	72
233.3995633	56
233.7473799	59
234.0951965	71
234.4430131	65
234.7908297	66
235.1386463	63
235.4864629	69
235.8342795	83
236.1820961	116
236.5299127	174
236.8777293	196
237.2255459	141
237.5733624	99
237.921179	86
238.2689956	51
238.6168122	57
238.9646288	66
239.3124454	75
239.660262	100
240.0080786	90
240.3558952	71
240.7037118	55
241.0515284	67
241.399345	52
241.7471616	54
242.0949782	56
242.4427948	60
242.7906114	49
243.1384279	62
243.4862445	55
243.8340611	46
244.1818777	45
244.5296943	58
244.8775109	52
245.2253275	44
245.5731441	58
245.9209607	60
246.2687773	55
246.6165939	42
246.9644105	53
247.3122271	52
247.6600437	56
248.0078603	52
248.3556769	61
248.7034934	50
249.05131	44
249.3991266	58
249.7469432	52
250.0947598	51
250.4425764	55
250.790393	62
251.1382096	58
251.4860262	40
251.8338428	39
252.1816594	49
252.529476	49
252.8772926	59
253.2251092	41
253.5729258	38
253.9207424	56
254.268559	52
254.6163755	61
254.9641921	43
255.3120087	62
255.6598253	48
256.0076419	51
256.3554585	39
256.7032751	67
257.0510917	50
257.3989083	49
257.7467249	35
258.0945415	44
258.4423581	45
258.7901747	39
259.1379913	34
259.4858079	39
259.8336245	50
260.181441	54
260.5292576	50
260.8770742	47
261.2248908	38
261.5727074	50
261.920524	50
262.2683406	48
262.6161572	45
262.9639738	64
263.3117904	40
263.659607	61
264.0074236	49
264.3552402	48
264.7030568	42
265.0508734	41
265.39869	51
265.7465066	46
266.0943231	42
266.4421397	31
266.7899563	46
267.1377729	46
267.4855895	41
267.8334061	60
268.1812227	62
268.5290393	51
268.8768559	55
269.2246725	53
269.5724891	53
269.9203057	46
270.2681223	37
270.6159389	43
270.9637555	38
271.3115721	53
271.6593886	42
272.0072052	43
272.3550218	42
272.7028384	42
273.050655	45
273.3984716	53
273.7462882	55
274.0941048	39
274.4419214	42
274.789738	36
275.1375546	54
275.4853712	40
275.8331878	46
276.1810044	40
276.528821	35
276.8766376	52
277.2244541	48
277.5722707	27
277.9200873	42
278.2679039	38
278.6157205	40
278.9635371	33
279.3113537	36
279.6591703	52
280.0069869	39
280.3548035	41
280.7026201	34
281.0504367	40
281.3982533	39
281.7460699	25
282.0938865	39
282.4417031	40
282.7895197	50
283.1373362	36
283.4851528	37
283.8329694	41
284.180786	42
284.5286026	40
284.8764192	45
285.2242358	50
285.5720524	32
285.919869	39
286.2676856	48
286.6155022	34
286.9633188	54
287.3111354	40
287.658952	31
288.0067686	38
288.3545852	37
288.7024017	33
289.0502183	39
289.3980349	49
289.7458515	33
290.0936681	33
290.4414847	35
290.7893013	36
291.1371179	31
291.4849345	34
291.8327511	40
292.1805677	40
292.5283843	46
292.8762009	59
293.2240175	60
293.5718341	94
293.9196507	76
294.2674672	55
294.6152838	36
294.9631004	36
295.310917	28
295.6587336	41
296.0065502	31
296.3543668	28
296.7021834	36
297.05	24
297.3978166	29
297.7456332	39
298.0934498	37
298.4412664	55
298.789083	47
299.1368996	40
299.4847162	26
299.8325328	28
300.1803493	29
300.5281659	40
300.8759825	45
301.2237991	34
301.5716157	35
301.9194323	39
302.2672489	38
302.6150655	36
302.9628821	27
303.3106987	39
303.6585153	23
304.0063319	35
304.3541485	34
304.7019651	25
305.0497817	31
305.3975983	34
305.7454148	26
306.0932314	30
306.441048	33
306.7888646	33
307.1366812	27
307.4844978	35
307.8323144	25
308.180131	24
308.5279476	29
308.8757642	32
309.2235808	33
309.5713974	34
309.919214	26
310.2670306	29
310.6148472	37
310.9626638	36
311.3104803	28
311.6582969	32
312.0061135	17
312.3539301	39
312.7017467	30
313.0495633	26
313.3973799	26
313.7451965	39
314.0930131	34
314.4408297	36
314.7886463	29
315.1364629	25
315.4842795	25
315.8320961	33
316.1799127	25
316.5277293	40
316.8755459	30
317.2233624	32
317.571179	28
317.9189956	20
318.2668122	24
318.6146288	21
318.9624454	23
319.310262	29
319.6580786	52
320.0058952	29
320.3537118	25
320.7015284	29
321.049345	28
321.3971616	35
321.7449782	25
322.0927948	24
322.4406114	31
322.7884279	44
323.1362445	31
323.4840611	39
323.8318777	38
324.1796943	34
324.5275109	32
324.8753275	30
325.2231441	19
325.5709607	29
325.9187773	33
326.2665939	32
326.6144105	29
326.9622271	42
327.3100437	35
327.6578603	26
328.0056769	42
328.3534934	34
328.70131	33
329.0491266	21
329.3969432	26
329.7447598	24
330.0925764	21
330.440393	32
330.7882096	33
331.1360262	30
331.4838428	22
331.8316594	30
332.179476	19
332.5272926	29
332.8751092	26
333.2229258	26
333.5707424	20
333.918559	31
334.2663755	27
334.6141921	25
334.9620087	34
335.3098253	29
335.6576419	31
336.0054585	41
336.3532751	37
336.7010917	48
337.0489083	61
337.3967249	50
337.7445415	35
338.0923581	34
338.4401747	30
338.7879913	26
339.1358079	34
339.4836245	27
339.831441	32
340.1792576	15
340.5270742	20
340.8748908	29
341.2227074	31
341.570524	18
341.9183406	31
342.2661572	23
342.6139738	20
342.9617904	17
343.309607	24
343.6574236	25
344.0052402	26
344.3530568	29
344.7008734	25
345.04869	28
345.3965066	32
345.7443231	20
346.0921397	22
346.4399563	24
346.7877729	34
347.1355895	33
347.4834061	24
347.8312227	31
348.1790393	36
348.5268559	20
348.8746725	18
349.2224891	31
349.5703057	43
349.9181223	62
350.2659389	81
350.6137555	100
350.9615721	67
351.3093886	44
351.6572052	31
352.0050218	24
352.3528384	23
352.700655	21
353.0484716	30
353.3962882	29
353.7441048	32
354.0919214	22
354.439738	35
354.7875546	25
355.1353712	25
355.4831878	28
355.8310044	31
356.178821	32
356.5266376	21
356.8744541	16
357.2222707	24
357.5700873	22
357.9179039	17
358.2657205	24
358.6135371	20
358.9613537	30
359.3091703	22
359.6569869	26
360.0048035	18
360.3526201	16
360.7004367	21
361.0482533	12
361.3960699	21
361.7438865	29
362.0917031	18
362.4395197	18
362.7873362	15
363.1351528	29
363.4829694	16
363.830786	19
364.1786026	22
364.5264192	27
364.8742358	18
365.2220524	17
365.569869	23
365.9176856	17
366.2655022	27
366.6133188	25
366.9611354	27
367.308952	26
367.6567686	17
368.0045852	16
368.3524017	15
368.7002183	22
369.0480349	23
369.3958515	23
369.7436681	25
370.0914847	12
370.4393013	18
370.7871179	20
371.1349345	24
371.4827511	27
371.8305677	18
372.1783843	22
372.5262009	24
372.8740175	17
373.2218341	23
373.5696507	20
373.9174672	17
374.2652838	22
374.6131004	16
374.960917	28
375.3087336	21
375.6565502	21
376.0043668	19
376.3521834	31
376.7	31
377.0478166	22
377.3956332	16
377.7434498	20
378.0912664	15
378.439083	25
378.7868996	24
379.1347162	17
379.4825328	23
379.8303493	17
380.1781659	22
380.5259825	16
380.8737991	23
381.2216157	19
381.5694323	20
381.9172489	18
382.2650655	21
382.6128821	22
382.9606987	15
383.3085153	25
383.6563319	11
384.0041485	23
384.3519651	24
384.6997817	24
385.0475983	14
385.3954148	22
385.7432314	22
386.091048	22
386.4388646	17
386.7866812	15
387.1344978	20
387.4823144	17
387.830131	16
388.1779476	20
388.5257642	19
388.8735808	17
389.2213974	22
389.569214	19
389.9170306	26
390.2648472	14
390.6126638	30
390.9604803	29
391.3082969	24
391.6561135	19
392.0039301	28
392.3517467	18
392.6995633	18
393.0473799	22
393.3951965	20
393.7430131	19
394.0908297	27
394.4386463	20
394.7864629	13
395.1342795	16
395.4820961	14
395.8299127	17
396.1777293	19
396.5255459	17
396.8733624	24
397.221179	12
397.5689956	19
397.9168122	36
398.2646288	15
398.6124454	18
398.960262	25
399.3080786	21
399.6558952	20
400.0037118	14
400.3515284	18
400.699345	19
401.0471616	27
401.3949782	19
401.7427948	15
402.0906114	11
402.4384279	18
402.7862445	16
403.1340611	18
403.4818777	23
403.8296943	19
404.1775109	24
404.5253275	19
404.8731441	21
405.2209607	23
405.5687773	16
405.9165939	14
406.2644105	19
406.6122271	19
406.9600437	21
407.3078603	15
407.6556769	28
408.0034934	25
408.35131	22
408.6991266	18
409.0469432	16
409.3947598	25
409.7425764	14
410.090393	17
410.4382096	20
410.7860262	18
411.1338428	19
411.4816594	12
411.829476	20
412.1772926	15
412.5251092	13
412.8729258	16
413.2207424	20
413.568559	18
413.9163755	6
414.2641921	16
414.6120087	16
414.9598253	26
415.3076419	16
415.6554585	12
416.0032751	14
416.3510917	13
416.6989083	17
417.0467249	17
417.3945415	20
417.7423581	11
418.0901747	18
418.4379913	24
418.7858079	18
419.1336245	13
419.481441	22
419.8292576	15
420.1770742	21
420.5248908	16
420.8727074	20
421.220524	15
421.5683406	15
421.9161572	13
422.2639738	13
422.6117904	25
422.959607	13
423.3074236	11
423.6552402	20
424.0030568	23
424.3508734	16
424.69869	13
425.0465066	15
425.3943231	18
425.7421397	16
426.0899563	22
426.4377729	19
426.7855895	23
427.1334061	17
427.4812227	18
427.8290393	20
428.1768559	12
428.5246725	14
428.8724891	17
429.2203057	21
429.5681223	16
429.9159389	22
430.2637555	15
430.6115721	16
430.9593886	16
431.3072052	9
431.6550218	13
432.0028384	15
432.350655	9
432.6984716	15
433.0462882	14
433.3941048	9
433.7419214	15
434.089738	11
434.4375546	13
434.7853712	13
435.1331878	16
435.4810044	13
435.828821	16
436.1766376	16
436.5244541	20
436.8722707	12
437.2200873	13
437.5679039	15
437.9157205	11
438.2635371	20
438.6113537	18
438.9591703	22
439.3069869	17
439.6548035	11
440.0026201	11
440.3504367	14
440.6982533	12
441.0460699	16
441.3938865	17
441.7417031	16
442.0895197	18
442.4373362	14
442.7851528	12
443.1329694	10
443.480786	10
443.8286026	21
444.1764192	19
444.5242358	16
444.8720524	12
445.219869	20
445.5676856	17
445.9155022	10
446.2633188	16
446.6111354	14
446.958952	22
447.3067686	20
447.6545852	10
448.0024017	13
448.3502183	15
448.6980349	16
449.0458515	22
449.3936681	10
449.7414847	8
450.0893013	17
450.4371179	17
450.7849345	10
451.1327511	11
451.4805677	19
451.8283843	16
452.1762009	22
452.5240175	9
452.8718341	19
453.2196507	23
453.5674672	14
453.9152838	12
454.2631004	15
454.610917	14
454.9587336	16
455.3065502	14
455.6543668	12
456.0021834	8
456.35	9
456.6978166	11
457.0456332	12
457.3934498	13
457.7412664	12
458.089083	11
458.4368996	13
458.7847162	19
459.1325328	13
459.4803493	13
459.8281659	11
460.1759825	14
460.5237991	16
460.8716157	25
461.2194323	22
461.5672489	18
461.9150655	29
462.2628821	20
462.6106987	24
462.9585153	24
463.3063319	15
463.6541485	17
464.0019651	8
464.3497817	13
464.6975983	16
465.0454148	14
465.3932314	7
465.741048	13
466.0888646	12
466.4366812	5
466.7844978	6
467.1323144	12
467.480131	20
467.8279476	13
468.1757642	17
468.5235808	14
468.8713974	14
469.219214	12
469.5670306	13
469.9148472	12
470.2626638	9
470.6104803	10
470.9582969	9
471.3061135	12
471.6539301	19
472.0017467	11
472.3495633	15
472.6973799	8
473.0451965	15
473.3930131	14
473.7408297	10
474.0886463	14
474.4364629	6
474.7842795	13
475.1320961	16
475.4799127	14
475.8277293	17
476.1755459	9
476.5233624	17
476.871179	12
477.2189956	13
477.5668122	9
477.9146288	13
478.2624454	13
478.610262	11
478.9580786	12
479.3058952	10
479.6537118	12
480.0015284	13
480.349345	11
480.6971616	15
481.0449782	11
481.3927948	19
481.7406114	13
482.0884279	17
482.4362445	13
482.7840611	15
483.1318777	11
483.4796943	10
483.8275109	13
484.1753275	9
484.5231441	16
484.8709607	19
485.2187773	15
485.5665939	11
485.9144105	17
486.2622271	13
486.6100437	11
486.9578603	11
487.3056769	11
487.6534934	16
488.00131	15
488.3491266	11
488.6969432	12
489.0447598	10
489.3925764	11
489.740393	7
490.0882096	8
490.4360262	12
490.7838428	10
491.1316594	10
491.479476	11
491.8272926	10
492.1751092	8
492.5229258	12
492.8707424	7
493.218559	18
493.5663755	14
493.9141921	17
494.2620087	8
494.6098253	11
494.9576419	9
495.3054585	9
495.6532751	11
496.0010917	9
496.3489083	11
496.6967249	14
497.0445415	12
497.3923581	10
497.7401747	9
498.0879913	14
498.4358079	11
498.7836245	11
499.131441	12
499.4792576	15
499.8270742	17
500.1748908	7
500.5227074	9
500.870524	9
501.2183406	9
501.5661572	16
501.9139738	7
502.2617904	20
502.609607	11
502.9574236	13
503.3052402	16
503.6530568	9
504.0008734	10
504.34869	12
504.6965066	9
505.0443231	13
505.3921397	19
505.7399563	11
506.0877729	10
506.4355895	12
506.7834061	17
507.1312227	10
507.4790393	11
507.8268559	14
508.1746725	14
508.5224891	12
508.8703057	22
509.2181223	15
509.5659389	20
509.9137555	25
510.2615721	27
510.6093886	36
510.9572052	41
511.3050218	43
511.6528384	42
512.000655	22
512.3484716	14
512.6962882	16
513.0441048	17
513.3919214	13
513.739738	7
514.0875546	11
514.4353712	8
514.7831878	12
515.1310044	10
515.478821	10
515.8266376	14
516.1744541	12
516.5222707	7
516.8700873	15
517.2179039	10
517.5657205	10
517.9135371	10
518.2613537	5
518.6091703	12
518.9569869	8
519.3048035	10
519.6526201	9
520.0004367	8
520.3482533	7
520.6960699	13
521.0438865	9
521.3917031	8
521.7395197	17
522.0873362	14
522.4351528	12
522.7829694	12
523.130786	9
523.4786026	8
523.8264192	9
524.1742358	12
524.5220524	8
524.869869	11
525.2176856	12
525.5655022	14
525.9133188	7
526.2611354	9
526.608952	8
526.9567686	10
527.3045852	14
527.6524017	13
528.0002183	11
528.3480349	12
528.6958515	10
529.0436681	13
529.3914847	13
529.7393013	10
530.0871179	12
530.4349345	6
530.7827511	11
531.1305677	8
531.4783843	9
531.8262009	11
532.1740175	15
532.5218341	8
532.8696507	11
533.2174672	9
533.5652838	10
533.9131004	12
534.260917	10
534.6087336	9
534.9565502	4
535.3043668	8
535.6521834	10
536	8
536.3478166	12
536.6956332	16
537.0434498	16
537.3912664	7
537.739083	6
538.0868996	4
538.4347162	15
538.7825328	7
539.1303493	10
539.4781659	10
539.8259825	10
540.1737991	11
540.5216157	13
540.8694323	9
541.2172489	9
541.5650655	12
541.9128821	5
542.2606987	10
542.6085153	8
542.9563319	10
543.3041485	10
543.6519651	13
543.9997817	3
544.3475983	13
544.6954148	8
545.0432314	7
545.391048	8
545.7388646	14
546.0866812	9
546.4344978	9
546.7823144	9
547.130131	14
547.4779476	5
547.8257642	9
548.1735808	7
548.5213974	11
548.869214	12
549.2170306	9
549.5648472	7
549.9126638	12
550.2604803	15
550.6082969	6
550.9561135	8
551.3039301	9
551.6517467	13
551.9995633	11
552.3473799	8
552.6951965	7
553.0430131	11
553.3908297	14
553.7386463	6
554.0864629	9
554.4342795	7
554.7820961	11
555.1299127	10
555.4777293	10
555.8255459	11
556.1733624	6
556.521179	11
556.8689956	9
557.2168122	10
557.5646288	7
557.9124454	6
558.260262	12
558.6080786	9
558.9558952	11
559.3037118	4
559.6515284	9
559.999345	7
560.3471616	7
560.6949782	8
561.0427948	10
561.3906114	16
561.7384279	10
562.0862445	9
562.4340611	13
562.7818777	11
563.1296943	11
563.4775109	8
563.8253275	11
564.1731441	5
564.5209607	6
564.8687773	17
565.2165939	15
565.5644105	6
565.9122271	4
566.2600437	8
566.6078603	18
566.9556769	12
567.3034934	9
567.65131	12
567.9991266	11
568.3469432	5
568.6947598	6
569.0425764	11
569.390393	9
569.7382096	9
570.0860262	12
570.4338428	8
570.7816594	15
571.129476	9
571.4772926	10
571.8251092	14
572.1729258	11
572.5207424	10
572.868559	10
573.2163755	7
573.5641921	12
573.9120087	5
574.2598253	13
574.6076419	11
574.9554585	9
575.3032751	14
575.6510917	7
575.9989083	8
576.3467249	8
576.6945415	6
577.0423581	5
577.3901747	7
577.7379913	12
578.0858079	10
578.4336245	6
578.781441	8
579.1292576	12
579.4770742	6
579.8248908	9
580.1727074	10
580.520524	10
580.8683406	13
581.2161572	11
581.5639738	11
581.9117904	7
582.259607	7
582.6074236	15
582.9552402	18
583.3030568	30
583.6508734	50
583.99869	55
584.3465066	43
584.6943231	36
585.0421397	21
585.3899563	11
585.7377729	7
586.0855895	7
586.4334061	6
586.7812227	9
587.1290393	6
587.4768559	8
587.8246725	7
588.1724891	9
588.5203057	12
588.8681223	7
589.2159389	10
589.5637555	6
589.9115721	9
590.2593886	13
590.6072052	8
590.9550218	4
591.3028384	8
591.650655	8
591.9984716	4
592.3462882	11
592.6941048	8
593.0419214	7
593.389738	7
593.7375546	9
594.0853712	7
594.4331878	6
594.7810044	6
595.128821	10
595.4766376	7
595.8244541	9
596.1722707	10
596.5200873	9
596.8679039	11
597.2157205	14
597.5635371	15
597.9113537	7
598.2591703	8
598.6069869	8
598.9548035	5
599.3026201	10
599.6504367	16
599.9982533	10
600.3460699	11
600.6938865	12
601.0417031	10
601.3895197	5
601.7373362	16
602.0851528	5
602.4329694	10
602.780786	11
603.1286026	11
603.4764192	6
603.8242358	18
604.1720524	9
604.519869	8
604.8676856	8
605.2155022	10
605.5633188	7
605.9111354	10
606.258952	8
606.6067686	7
606.9545852	10
607.3024017	13
607.6502183	7
607.9980349	11
608.3458515	10
608.6936681	19
609.0414847	13
609.3893013	27
609.7371179	41
610.0849345	70
610.4327511	63
610.7805677	54
611.1283843	37
611.4762009	23
611.8240175	13
612.1718341	11
612.5196507	9
612.8674672	9
613.2152838	6
613.5631004	8
613.910917	8
614.2587336	6
614.6065502	11
614.9543668	10
615.3021834	10
615.65	8
615.9978166	7
616.3456332	10
616.6934498	12
617.0412664	3
617.389083	6
617.7368996	5
618.0847162	5
618.4325328	11
618.7803493	9
619.1281659	8
619.4759825	10
619.8237991	8
620.1716157	7
620.5194323	9
620.8672489	11
621.2150655	5
621.5628821	6
621.9106987	3
622.2585153	9
622.6063319	8
622.9541485	7
623.3019651	14
623.6497817	8
623.9975983	8
624.3454148	2
624.6932314	3
625.041048	8
625.3888646	5
625.7366812	9
626.0844978	13
626.4323144	9
626.780131	10
627.1279476	9
627.4757642	8
627.8235808	9
628.1713974	11
628.519214	14
628.8670306	6
629.2148472	9
629.5626638	9
629.9104803	3
630.2582969	11
630.6061135	9
630.9539301	11
631.3017467	6
631.6495633	9
631.9973799	5
632.3451965	13
632.6930131	9
633.0408297	16
633.3886463	7
633.7364629	9
634.0842795	7
634.4320961	11
634.7799127	7
635.1277293	6
635.4755459	5
635.8233624	9
636.171179	9
636.5189956	8
636.8668122	12
637.2146288	6
637.5624454	6
637.910262	4
638.2580786	14
638.6058952	9
638.9537118	3
639.3015284	4
639.649345	6
639.9971616	7
640.3449782	11
640.6927948	8
641.0406114	7
641.3884279	8
641.7362445	7
642.0840611	10
642.4318777	3
642.7796943	11
643.1275109	9
643.4753275	7
643.8231441	5
644.1709607	6
644.5187773	9
644.8665939	16
645.2144105	7
645.5622271	6
645.9100437	9
646.2578603	3
646.6056769	12
646.9534934	7
647.30131	14
647.6491266	6
647.9969432	11
648.3447598	7
648.6925764	10
649.040393	6
649.3882096	4
649.7360262	13
650.0838428	9
650.4316594	5
650.779476	11
651.1272926	8
651.4751092	6
651.8229258	6
652.1707424	6
652.518559	10
652.8663755	4
653.2141921	5
653.5620087	6
653.9098253	4
654.2576419	7
654.6054585	6
654.9532751	5
655.3010917	7
655.6489083	8
655.9967249	7
656.3445415	10
656.6923581	10
657.0401747	4
657.3879913	7
657.7358079	9
658.0836245	5
658.431441	7
658.7792576	11
659.1270742	11
659.4748908	7
659.8227074	5
660.170524	6
660.5183406	10
660.8661572	13
661.2139738	3
661.5617904	10
661.909607	19
662.2574236	14
662.6052402	22
662.9530568	12
663.3008734	14
663.64869	17
663.9965066	10
664.3443231	8
664.6921397	3
665.0399563	13
665.3877729	5
665.7355895	7
666.0834061	8
666.4312227	5
666.7790393	10
667.1268559	7
667.4746725	6
667.8224891	10
668.1703057	9
668.5181223	5
668.8659389	7
669.2137555	2
669.5615721	6
669.9093886	8
670.2572052	5
670.6050218	8
670.9528384	6
671.300655	5
671.6484716	9
671.9962882	10
672.3441048	5
672.6919214	12
673.039738	6
673.3875546	3
673.7353712	10
674.0831878	12
674.4310044	7
674.778821	10
675.1266376	6
675.4744541	10
675.8222707	6
676.1700873	11
676.5179039	5
676.8657205	6
677.2135371	5
677.5613537	3
677.9091703	6
678.2569869	8
678.6048035	9
678.9526201	5
679.3004367	11
679.6482533	8
679.9960699	5
680.3438865	1
680.6917031	9
681.0395197	5
681.3873362	6
681.7351528	6
682.0829694	8
682.430786	9
682.7786026	4
683.1264192	4
683.4742358	9
683.8220524	5
684.169869	10
684.5176856	8
684.8655022	7
685.2133188	7
685.5611354	9
685.908952	8
686.2567686	8
686.6045852	10
686.9524017	11
687.3002183	6
687.6480349	5
687.9958515	7
688.3436681	3
688.6914847	6
689.0393013	9
689.3871179	6
689.7349345	2
690.0827511	3
690.4305677	7
690.7783843	9
691.1262009	7
691.4740175	8
691.8218341	16
692.1696507	3
692.5174672	7
692.8652838	11
693.2131004	3
693.560917	8
693.9087336	4
694.2565502	6
694.6043668	5
694.9521834	7
695.3	3
695.6478166	7
695.9956332	4
696.3434498	7
696.6912664	7
697.039083	8
697.3868996	6
697.7347162	5
698.0825328	4
698.4303493	6
698.7781659	3
699.1259825	8
699.4737991	6
699.8216157	4
700.1694323	6
700.5172489	6
700.8650655	6
701.2128821	10
701.5606987	2
701.9085153	11
702.2563319	2
702.6041485	6
702.9519651	6
703.2997817	8
703.6475983	9
703.9954148	7
704.3432314	11
704.691048	6
705.0388646	7
705.3866812	8
705.7344978	6
706.0823144	13
706.430131	8
706.7779476	11
707.1257642	6
707.4735808	11
707.8213974	6
708.169214	4
708.5170306	3
708.8648472	4
709.2126638	4
709.5604803	6
709.9082969	6
710.2561135	5
710.6039301	7
710.9517467	6
711.2995633	8
711.6473799	5
711.9951965	4
712.3430131	5
712.6908297	9
713.0386463	2
713.3864629	8
713.7342795	8
714.0820961	7
714.4299127	3
714.7777293	7
715.1255459	5
715.4733624	8
715.821179	9
716.1689956	7
716.5168122	4
716.8646288	6
717.2124454	6
717.560262	10
717.9080786	5
718.2558952	3
718.6037118	11
718.9515284	8
719.299345	5
719.6471616	8
719.9949782	5
720.3427948	11
720.6906114	5
721.0384279	7
721.3862445	3
721.7340611	7
722.0818777	2
722.4296943	12
722.7775109	3
723.1253275	8
723.4731441	3
723.8209607	4
724.1687773	5
724.5165939	7
724.8644105	5
725.2122271	5
725.5600437	2
725.9078603	8
726.2556769	5
726.6034934	6
726.95131	7
727.2991266	7
727.6469432	10
727.9947598	16
728.3425764	10
728.690393	15
729.0382096	11
729.3860262	12
729.7338428	10
730.0816594	7
730.429476	6
730.7772926	7
731.1251092	4
731.4729258	7
731.8207424	6
732.168559	8
732.5163755	8
732.8641921	11
733.2120087	9
733.5598253	10
733.9076419	8
734.2554585	9
734.6032751	5
734.9510917	11
735.2989083	5
735.6467249	5
735.9945415	5
736.3423581	12
736.6901747	5
737.0379913	8
737.3858079	6
737.7336245	4
738.081441	6
738.4292576	7
738.7770742	6
739.1248908	10
739.4727074	6
739.820524	5
740.1683406	6
740.5161572	4
740.8639738	5
741.2117904	5
741.559607	5
741.9074236	8
742.2552402	10
742.6030568	5
742.9508734	6
743.29869	9
743.6465066	9
743.9943231	11
744.3421397	6
744.6899563	10
745.0377729	4
745.3855895	6
745.7334061	7
746.0812227	9
746.4290393	2
746.7768559	3
747.1246725	9
747.4724891	6
747.8203057	3
748.1681223	6
748.5159389	5
748.8637555	8
749.2115721	7
749.5593886	11
749.9072052	5
750.2550218	5
750.6028384	7
750.950655	7
751.2984716	7
751.6462882	7
751.9941048	5
752.3419214	6
752.689738	10
753.0375546	3
753.3853712	4
753.7331878	4
754.0810044	5
754.428821	3
754.7766376	4
755.1244541	6
755.4722707	5
755.8200873	5
756.1679039	3
756.5157205	6
756.8635371	9
757.2113537	3
757.5591703	6
757.9069869	4
758.2548035	7
758.6026201	6
758.9504367	7
759.2982533	6
759.6460699	5
759.9938865	13
760.3417031	3
760.6895197	5
761.0373362	5
761.3851528	4
761.7329694	7
762.080786	7
762.4286026	2
762.7764192	8
763.1242358	9
763.4720524	10
763.819869	5
764.1676856	3
764.5155022	8
764.8633188	5
765.2111354	6
765.558952	6
765.9067686	5
766.2545852	5
766.6024017	9
766.9502183	7
767.2980349	3
767.6458515	7
767.9936681	13
768.3414847	10
768.6893013	9
769.0371179	16
769.3849345	12
769.7327511	6
770.0805677	10
770.4283843	7
770.7762009	5
771.1240175	8
771.4718341	6
771.8196507	4
772.1674672	10
772.5152838	7
772.8631004	9
773.210917	7
773.5587336	12
773.9065502	11
774.2543668	5
774.6021834	6
774.95	3
775.2978166	2
775.6456332	6
775.9934498	4
776.3412664	5
776.689083	3
777.0368996	4
777.3847162	3
777.7325328	7
778.0803493	4
778.4281659	4
778.7759825	3
779.1237991	5
779.4716157	7
779.8194323	10
780.1672489	9
780.5150655	4
780.8628821	6
781.2106987	7
781.5585153	5
781.9063319	6
782.2541485	2
782.6019651	9
782.9497817	7
783.2975983	5
783.6454148	1
783.9932314	5
784.341048	3
784.6888646	6
785.0366812	10
785.3844978	5
785.7323144	8
786.080131	8
786.4279476	8
786.7757642	8
787.1235808	2
787.4713974	4
787.819214	4
788.1670306	7
788.5148472	8
788.8626638	5
789.2104803	4
789.5582969	5
789.9061135	2
790.2539301	5
790.6017467	7
790.9495633	7
791.2973799	9
791.6451965	6
791.9930131	4
792.3408297	10
792.6886463	6
793.0364629	7
793.3842795	7
793.7320961	5
794.0799127	10
794.4277293	9
794.7755459	13
795.1233624	10
795.471179	8
795.8189956	6
796.1668122	6
796.5146288	6
796.8624454	3
797.210262	2
797.5580786	10
797.9058952	10
798.2537118	3
798.6015284	6
798.949345	7
799.2971616	6
799.6449782	5
799.9927948	9
800.3406114	8
800.6884279	4
801.0362445	5
801.3840611	3
801.7318777	3
802.0796943	6
802.4275109	3
802.7753275	6
803.1231441	7
803.4709607	1
803.8187773	0
804.1665939	6
804.5144105	5
804.8622271	5
805.2100437	9
805.5578603	5
805.9056769	8
806.2534934	12
806.60131	1
806.9491266	3
807.2969432	4
807.6447598	3
807.9925764	6
808.340393	3
808.6882096	6
809.0360262	5
809.3838428	8
809.7316594	5
810.079476	6
810.4272926	13
810.7751092	6
811.1229258	4
811.4707424	4
811.818559	5
812.1663755	5
812.5141921	8
812.8620087	7
813.2098253	4
813.5576419	4
813.9054585	2
814.2532751	4
814.6010917	8
814.9489083	8
815.2967249	4
815.6445415	5
815.9923581	7
816.3401747	5
816.6879913	3
817.0358079	4
817.3836245	8
817.731441	4
818.0792576	5
818.4270742	7
818.7748908	7
819.1227074	7
819.470524	6
819.8183406	4
820.1661572	4
820.5139738	4
820.8617904	5
821.209607	4
821.5574236	6
821.9052402	6
822.2530568	3
822.6008734	5
822.94869	5
823.2965066	8
823.6443231	6
823.9921397	5
824.3399563	2
824.6877729	5
825.0355895	7
825.3834061	1
825.7312227	2
826.0790393	11
826.4268559	5
826.7746725	7
827.1224891	7
827.4703057	7
827.8181223	6
828.1659389	2
828.5137555	5
828.8615721	4
829.2093886	4
829.5572052	7
829.9050218	3
830.2528384	13
830.600655	6
830.9484716	6
831.2962882	5
831.6441048	6
831.9919214	3
832.339738	6
832.6875546	9
833.0353712	2
833.3831878	8
833.7310044	11
834.078821	8
834.4266376	13
834.7744541	9
835.1222707	7
835.4700873	4
835.8179039	7
836.1657205	6
836.5135371	2
836.8613537	7
837.2091703	5
837.5569869	5
837.9048035	4
838.2526201	9
838.6004367	3
838.9482533	7
839.2960699	10
839.6438865	6
839.9917031	2
840.3395197	9
840.6873362	5
841.0351528	5
841.3829694	5
841.730786	5
842.0786026	4
842.4264192	6
842.7742358	6
843.1220524	7
843.469869	5
843.8176856	4
844.1655022	3
844.5133188	5
844.8611354	3
845.208952	3
845.5567686	2
845.9045852	7
846.2524017	7
846.6002183	3
846.9480349	3
847.2958515	4
847.6436681	9
847.9914847	5
848.3393013	3
848.6871179	4
849.0349345	2
849.3827511	7
849.7305677	5
850.0783843	4
850.4262009	8
850.7740175	1
851.1218341	5
851.4696507	6
851.8174672	5
852.1652838	6
852.5131004	7
852.860917	4
853.2087336	5
853.5565502	3
853.9043668	7
854.2521834	3
854.6	8
854.9478166	9
855.2956332	3
855.6434498	6
855.9912664	4
856.339083	3
856.6868996	6
857.0347162	6
857.3825328	5
857.7303493	9
858.0781659	4
858.4259825	5
858.7737991	10
859.1216157	7
859.4694323	12
859.8172489	10
860.1650655	16
860.5128821	4
860.8606987	7
861.2085153	6
861.5563319	3
861.9041485	2
862.2519651	3
862.5997817	7
862.9475983	4
863.2954148	2
863.6432314	4
863.991048	3
864.3388646	6
864.6866812	3
865.0344978	3
865.3823144	2
865.730131	6
866.0779476	3
866.4257642	4
866.7735808	2
867.1213974	3
867.469214	6
867.8170306	5
868.1648472	5
868.5126638	6
868.8604803	11
869.2082969	3
869.5561135	6
869.9039301	2
870.2517467	7
870.5995633	4
870.9473799	6
871.2951965	1
871.6430131	2
871.9908297	3
872.3386463	5
872.6864629	5
873.0342795	3
873.3820961	2
873.7299127	4
874.0777293	1
874.4255459	4
874.7733624	7
875.121179	4
875.4689956	3
875.8168122	3
876.1646288	8
876.5124454	7
876.860262	3
877.2080786	4
877.5558952	5
877.9037118	3
878.2515284	2
878.599345	2
878.9471616	2
879.2949782	6
879.6427948	4
879.9906114	4
880.3384279	5
880.6862445	6
881.0340611	4
881.3818777	3
881.7296943	9
882.0775109	10
882.4253275	5
882.7731441	7
883.1209607	6
883.4687773	5
883.8165939	4
884.1644105	5
884.5122271	8
884.8600437	2
885.2078603	7
885.5556769	4
885.9034934	6
886.25131	3
886.5991266	8
886.9469432	2
887.2947598	1
887.6425764	6
887.990393	4
888.3382096	3
888.6860262	7
889.0338428	1
889.3816594	8
889.729476	5
890.0772926	9
890.4251092	6
890.7729258	3
891.1207424	2
891.468559	6
891.8163755	2
892.1641921	5
892.5120087	2
892.8598253	5
893.2076419	1
893.5554585	7
893.9032751	4
894.2510917	8
894.5989083	7
894.9467249	4
895.2945415	3
895.6423581	7
895.9901747	7
896.3379913	8
896.6858079	4
897.0336245	2
897.381441	4
897.7292576	4
898.0770742	4
898.4248908	2
898.7727074	3
899.120524	4
899.4683406	5
899.8161572	4
900.1639738	2
900.5117904	2
900.859607	6
901.2074236	6
901.5552402	5
901.9030568	6
902.2508734	7
902.59869	3
902.9465066	5
903.2943231	9
903.6421397	3
903.9899563	6
904.3377729	7
904.6855895	9
905.0334061	3
905.3812227	4
905.7290393	3
906.0768559	3
906.4246725	5
906.7724891	2
907.1203057	7
907.4681223	6
907.8159389	4
908.1637555	4
908.5115721	6
908.8593886	7
909.2072052	4
909.5550218	18
909.9028384	20
910.250655	20
910.5984716	31
910.9462882	19
911.2941048	17
911.6419214	11
911.989738	11
912.3375546	8
912.6853712	3
913.0331878	2
913.3810044	2
913.728821	6
914.0766376	3
914.4244541	4
914.7722707	8
915.1200873	4
915.4679039	6
915.8157205	3
916.1635371	1
916.5113537	2
916.8591703	4
917.2069869	3
917.5548035	3
917.9026201	2
918.2504367	4
918.5982533	5
918.9460699	4
919.2938865	3
919.6417031	6
919.9895197	4
920.3373362	1
920.6851528	5
921.0329694	4
921.380786	3
921.7286026	2
922.0764192	8
922.4242358	2
922.7720524	2
923.119869	6
923.4676856	4
923.8155022	7
924.1633188	2
924.5111354	2
924.858952	1
925.2067686	9
925.5545852	5
925.9024017	8
926.2502183	4
926.5980349	7
926.9458515	4
927.2936681	3
927.6414847	3
927.9893013	3
928.3371179	4
928.6849345	4
929.0327511	1
929.3805677	5
929.7283843	3
930.0762009	2
930.4240175	8
930.7718341	2
931.1196507	2
931.4674672	2
931.8152838	5
932.1631004	4
932.510917	9
932.8587336	5
933.2065502	7
933.5543668	15
933.9021834	12
934.25	6
934.5978166	5
934.9456332	5
935.2934498	3
935.6412664	2
935.989083	5
936.3368996	4
936.6847162	2
937.0325328	4
937.3803493	2
937.7281659	2
938.0759825	3
938.4237991	6
938.7716157	2
939.1194323	6
939.4672489	3
939.8150655	1
940.1628821	3
940.5106987	4
940.8585153	4
941.2063319	3
941.5541485	5
941.9019651	4
942.2497817	2
942.5975983	7
942.9454148	7
943.2932314	4
943.641048	3
943.9888646	8
944.3366812	7
944.6844978	2
945.0323144	4
945.380131	5
945.7279476	2
946.0757642	6
946.4235808	6
946.7713974	6
947.119214	4
947.4670306	4
947.8148472	5
948.1626638	5
948.5104803	5
948.8582969	6
949.2061135	6
949.5539301	4
949.9017467	9
950.2495633	6
950.5973799	6
950.9451965	6
951.2930131	1
951.6408297	7
951.9886463	6
952.3364629	2
952.6842795	1
953.0320961	4
953.3799127	4
953.7277293	4
954.0755459	8
954.4233624	6
954.771179	4
955.1189956	4
955.4668122	4
955.8146288	6
956.1624454	10
956.510262	4
956.8580786	4
957.2058952	3
957.5537118	4
957.9015284	6
958.249345	7
958.5971616	5
958.9449782	4
959.2927948	6
959.6406114	4
959.9884279	5
960.3362445	2
960.6840611	5
961.0318777	3
961.3796943	2
961.7275109	7
962.0753275	2
962.4231441	7
962.7709607	3
963.1187773	8
963.4665939	10
963.8144105	6
964.1622271	6
964.5100437	11
964.8578603	5
965.2056769	6
965.5534934	5
965.90131	3
966.2491266	5
966.5969432	11
966.9447598	10
967.2925764	15
967.640393	16
967.9882096	23
968.3360262	15
968.6838428	17
969.0316594	13
969.379476	13
969.7272926	9
970.0751092	3
970.4229258	8
970.7707424	4
971.118559	2
971.4663755	4
971.8141921	2
972.1620087	7
972.5098253	3
972.8576419	2
973.2054585	8
973.5532751	3
973.9010917	3
974.2489083	3
974.5967249	2
974.9445415	6
975.2923581	5
975.6401747	4
975.9879913	3
976.3358079	5
976.6836245	2
977.031441	5
977.3792576	6
977.7270742	5
978.0748908	4
978.4227074	3
978.770524	4
979.1183406	7
979.4661572	3
979.8139738	4
980.1617904	4
980.509607	5
980.8574236	3
981.2052402	3
981.5530568	1
981.9008734	1
982.24869	4
982.5965066	9
982.9443231	5
983.2921397	7
983.6399563	5
983.9877729	7
984.3355895	6
984.6834061	7
985.0312227	7
985.3790393	5
985.7268559	4
986.0746725	6
986.4224891	2
986.7703057	6
987.1181223	6
987.4659389	4
987.8137555	2
988.1615721	4
988.5093886	1
988.8572052	3
989.2050218	5
989.5528384	5
989.900655	5
990.2484716	3
990.5962882	4
990.9441048	3
991.2919214	7
991.639738	6
991.9875546	4
992.3353712	2
992.6831878	1
993.0310044	2
993.378821	1
993.7266376	4
994.0744541	5
994.4222707	2
994.7700873	6
995.1179039	4
995.4657205	3
995.8135371	3
996.1613537	8
996.5091703	4
996.8569869	5
997.2048035	3
997.5526201	5
997.9004367	5
998.2482533	3
998.5960699	7
998.9438865	2
999.2917031	8
999.6395197	2
999.9873362	7
1000.335153	4
1000.682969	3
1001.030786	5
1001.378603	4
1001.726419	1
1002.074236	3
1002.422052	6
1002.769869	1
1003.117686	4
1003.465502	10
1003.813319	3
1004.161135	5
1004.508952	5
1004.856769	2
1005.204585	3
1005.552402	5
1005.900218	5
1006.248035	0
1006.595852	5
1006.943668	4
1007.291485	1
1007.639301	3
1007.987118	3
1008.334934	4
1008.682751	4
1009.030568	4
1009.378384	4
1009.726201	1
1010.074017	3
1010.421834	4
1010.769651	2
1011.117467	5
1011.465284	2
1011.8131	2
1012.160917	5
1012.508734	5
1012.85655	1
1013.204367	5
1013.552183	3
1013.9	3
1014.247817	6
1014.595633	3
1014.94345	4
1015.291266	5
1015.639083	1
1015.9869	3
1016.334716	5
1016.682533	3
1017.030349	3
1017.378166	2
1017.725983	1
1018.073799	2
1018.421616	4
1018.769432	5
1019.117249	1
1019.465066	4
1019.812882	2
1020.160699	5
1020.508515	8
1020.856332	3
1021.204148	3
1021.551965	4
1021.899782	9
1022.247598	2
1022.595415	4
1022.943231	5
1023.291048	4
1023.638865	4
1023.986681	0
1024.334498	2
1024.682314	2
1025.030131	3
1025.377948	4
1025.725764	3
1026.073581	5
1026.421397	3
1026.769214	5
1027.117031	2
1027.464847	9
1027.812664	4
1028.16048	2
1028.508297	3
1028.856114	4
1029.20393	5
1029.551747	2
1029.899563	5
1030.24738	2
1030.595197	4
1030.943013	1
1031.29083	7
1031.638646	7
1031.986463	8
1032.334279	5
1032.682096	3
1033.029913	6
1033.377729	1
1033.725546	3
1034.073362	3
1034.421179	4
1034.768996	5
1035.116812	5
1035.464629	2
1035.812445	1
1036.160262	5
1036.508079	4
1036.855895	2
1037.203712	6
1037.551528	6
1037.899345	5
1038.247162	1
1038.594978	2
1038.942795	3
1039.290611	5
1039.638428	2
1039.986245	6
1040.334061	4
1040.681878	3
1041.029694	1
1041.377511	6
1041.725328	5
1042.073144	1
1042.420961	9
1042.768777	2
1043.116594	5
1043.46441	7
1043.812227	5
1044.160044	0
1044.50786	3
1044.855677	4
1045.203493	6
1045.55131	2
1045.899127	4
1046.246943	11
1046.59476	2
1046.942576	2
1047.290393	4
1047.63821	2
1047.986026	0
1048.333843	3
1048.681659	2
1049.029476	5
1049.377293	2
1049.725109	3
1050.072926	4
1050.420742	4
1050.768559	2
1051.116376	2
1051.464192	3
1051.812009	5
1052.159825	1
1052.507642	1
1052.855459	3
1053.203275	1
1053.551092	1
1053.898908	2
1054.246725	5
1054.594541	4
1054.942358	3
1055.290175	4
1055.637991	2
1055.985808	4
1056.333624	3
1056.681441	4
1057.029258	1
1057.377074	5
1057.724891	4
1058.072707	2
1058.420524	2
1058.768341	2
1059.116157	4
1059.463974	3
1059.81179	4
1060.159607	2
1060.507424	5
1060.85524	3
1061.203057	10
1061.550873	2
1061.89869	2
1062.246507	3
1062.594323	4
1062.94214	1
1063.289956	3
1063.637773	5
1063.98559	6
1064.333406	6
1064.681223	3
1065.029039	6
1065.376856	5
1065.724672	8
1066.072489	3
1066.420306	4
1066.768122	5
1067.115939	7
1067.463755	4
1067.811572	6
1068.159389	3
1068.507205	1
1068.855022	3
1069.202838	2
1069.550655	6
1069.898472	7
1070.246288	3
1070.594105	5
1070.941921	5
1071.289738	5
1071.637555	4
1071.985371	3
1072.333188	5
1072.681004	3
1073.028821	8
1073.376638	6
1073.724454	3
1074.072271	1
1074.420087	2
1074.767904	4
1075.115721	3
1075.463537	3
1075.811354	4
1076.15917	7
1076.506987	2
1076.854803	4
1077.20262	6
1077.550437	5
1077.898253	7
1078.24607	4
1078.593886	3
1078.941703	4
1079.28952	3
1079.637336	2
1079.985153	4
1080.332969	5
1080.680786	5
1081.028603	3
1081.376419	4
1081.724236	3
1082.072052	5
1082.419869	2
1082.767686	3
1083.115502	4
1083.463319	1
1083.811135	4
1084.158952	5
1084.506769	4
1084.854585	4
1085.202402	5
1085.550218	3
1085.898035	4
1086.245852	0
1086.593668	9
1086.941485	1
1087.289301	4
1087.637118	5
1087.984934	6
1088.332751	5
1088.680568	5
1089.028384	5
1089.376201	2
1089.724017	2
1090.071834	2
1090.419651	1
1090.767467	5
1091.115284	5
1091.4631	4
1091.810917	5
1092.158734	2
1092.50655	2
1092.854367	4
1093.202183	6
1093.55	2
1093.897817	4
1094.245633	4
1094.59345	0
1094.941266	5
1095.289083	3
1095.6369	3
1095.984716	9
1096.332533	2
1096.680349	2
1097.028166	2
1097.375983	8
1097.723799	3
1098.071616	2
1098.419432	4
1098.767249	2
1099.115066	3
1099.462882	4
1099.810699	7
1100.158515	3
1100.506332	6
1100.854148	8
1101.201965	4
1101.549782	4
1101.897598	4
1102.245415	6
1102.593231	5
1102.941048	5
1103.288865	3
1103.636681	4
1103.984498	5
1104.332314	3
1104.680131	2
1105.027948	7
1105.375764	6
1105.723581	7
1106.071397	2
1106.419214	4
1106.767031	4
1107.114847	3
1107.462664	3
1107.81048	4
1108.158297	1
1108.506114	8
1108.85393	6
1109.201747	3
1109.549563	4
1109.89738	6
1110.245197	4
1110.593013	3
1110.94083	3
1111.288646	1
1111.636463	4
1111.984279	6
1112.332096	2
1112.679913	8
1113.027729	5
1113.375546	6
1113.723362	2
1114.071179	0
1114.418996	3
1114.766812	4
1115.114629	2
1115.462445	6
1115.810262	4
1116.158079	3
1116.505895	2
1116.853712	4
1117.201528	7
1117.549345	4
1117.897162	11
1118.244978	8
1118.592795	12
1118.940611	12
1119.288428	12
1119.636245	18
1119.984061	12
1120.331878	17
1120.679694	7
1121.027511	6
1121.375328	8
1121.723144	4
1122.070961	4
1122.418777	4
1122.766594	3
1123.11441	5
1123.462227	2
1123.810044	2
1124.15786	2
1124.505677	1
1124.853493	2
1125.20131	7
1125.549127	7
1125.896943	1
1126.24476	6
1126.592576	4
1126.940393	3
1127.28821	3
1127.636026	5
1127.983843	2
1128.331659	6
1128.679476	2
1129.027293	4
1129.375109	7
1129.722926	3
1130.070742	4
1130.418559	3
1130.766376	1
1131.114192	5
1131.462009	2
1131.809825	4
1132.157642	4
1132.505459	4
1132.853275	4
1133.201092	4
1133.548908	2
1133.896725	6
1134.244541	3
1134.592358	6
1134.940175	5
1135.287991	7
1135.635808	4
1135.983624	5
1136.331441	3
1136.679258	6
1137.027074	8
1137.374891	2
1137.722707	1
1138.070524	4
1138.418341	5
1138.766157	6
1139.113974	2
1139.46179	0
1139.809607	2
1140.157424	3
1140.50524	2
1140.853057	2
1141.200873	3
1141.54869	6
1141.896507	2
1142.244323	3
1142.59214	4
1142.939956	1
1143.287773	3
1143.63559	3
1143.983406	8
1144.331223	3
1144.679039	5
1145.026856	0
1145.374672	2
1145.722489	2
1146.070306	6
1146.418122	5
1146.765939	7
1147.113755	3
1147.461572	6
1147.809389	4
1148.157205	3
1148.505022	1
1148.852838	3
1149.200655	4
1149.548472	2
1149.896288	4
1150.244105	5
1150.591921	2
1150.939738	4
1151.287555	7
1151.635371	3
1151.983188	6
1152.331004	4
1152.678821	5
1153.026638	4
1153.374454	4
1153.722271	4
1154.070087	5
1154.417904	7
1154.765721	4
1155.113537	8
1155.461354	3
1155.80917	5
1156.156987	4
1156.504803	6
1156.85262	6
1157.200437	6
1157.548253	3
1157.89607	7
1158.243886	5
1158.591703	5
1158.93952	4
1159.287336	7
1159.635153	3
1159.982969	5
1160.330786	2
1160.678603	2
1161.026419	4
1161.374236	8
1161.722052	4
1162.069869	1
1162.417686	5
1162.765502	1
1163.113319	3
1163.461135	4
1163.808952	4
1164.156769	3
1164.504585	4
1164.852402	5
1165.200218	2
1165.548035	9
1165.895852	8
1166.243668	3
1166.591485	3
1166.939301	3
1167.287118	3
1167.634934	4
1167.982751	7
1168.330568	4
1168.678384	3
1169.026201	8
1169.374017	6
1169.721834	3
1170.069651	3
1170.417467	3
1170.765284	5
1171.1131	6
1171.460917	4
1171.808734	4
1172.15655	11
1172.504367	11
1172.852183	10
1173.2	4
1173.547817	2
1173.895633	5
1174.24345	4
1174.591266	2
1174.939083	4
1175.2869	5
1175.634716	3
1175.982533	3
1176.330349	3
1176.678166	8
1177.025983	1
1177.373799	3
1177.721616	5
1178.069432	1
1178.417249	5
1178.765066	3
1179.112882	6
1179.460699	1
1179.808515	3
1180.156332	2
1180.504148	5
1180.851965	5
1181.199782	7
1181.547598	7
1181.895415	7
1182.243231	4
1182.591048	10
1182.938865	3
1183.286681	3
1183.634498	6
1183.982314	3
1184.330131	6
1184.677948	5
1185.025764	2
1185.373581	3
1185.721397	11
1186.069214	6
1186.417031	3
1186.764847	7
1187.112664	4
1187.46048	2
1187.808297	5
1188.156114	5
1188.50393	3
1188.851747	2
1189.199563	9
1189.54738	6
1189.895197	9
1190.243013	4
1190.59083	5
1190.938646	2
1191.286463	4
1191.634279	6
1191.982096	4
1192.329913	4
1192.677729	2
1193.025546	3
1193.373362	6
1193.721179	4
1194.068996	1
1194.416812	2
1194.764629	2
1195.112445	4
1195.460262	9
1195.808079	6
1196.155895	4
1196.503712	5
1196.851528	4
1197.199345	5
1197.547162	1
1197.894978	6
1198.242795	3
1198.590611	6
1198.938428	5
1199.286245	2
1199.634061	7
1199.981878	3
1200.329694	8
1200.677511	5
1201.025328	7
1201.373144	2
1201.720961	2
1202.068777	2
1202.416594	4
1202.76441	4
1203.112227	4
1203.460044	5
1203.80786	3
1204.155677	6
1204.503493	3
1204.85131	3
1205.199127	7
1205.546943	3
1205.89476	4
1206.242576	3
1206.590393	2
1206.93821	4
1207.286026	4
1207.633843	5
1207.981659	6
1208.329476	2
1208.677293	3
1209.025109	6
1209.372926	8
1209.720742	5
1210.068559	1
1210.416376	3
1210.764192	6
1211.112009	7
1211.459825	1
1211.807642	6
1212.155459	4
1212.503275	3
1212.851092	4
1213.198908	2
1213.546725	4
1213.894541	6
1214.242358	3
1214.590175	7
1214.937991	5
1215.285808	4
1215.633624	4
1215.981441	5
1216.329258	4
1216.677074	6
1217.024891	4
1217.372707	6
1217.720524	4
1218.068341	4
1218.416157	4
1218.763974	4
1219.11179	7
1219.459607	6
1219.807424	3
1220.15524	4
1220.503057	3
1220.850873	0
1221.19869	9
1221.546507	4
1221.894323	7
1222.24214	7
1222.589956	2
1222.937773	1
1223.28559	4
1223.633406	3
1223.981223	8
1224.329039	4
1224.676856	4
1225.024672	3
1225.372489	3
1225.720306	8
1226.068122	4
1226.415939	5
1226.763755	9
1227.111572	5
1227.459389	1
1227.807205	7
1228.155022	9
1228.502838	4
1228.850655	2
1229.198472	6
1229.546288	3
1229.894105	4
1230.241921	2
1230.589738	11
1230.937555	5
1231.285371	5
1231.633188	2
1231.981004	3
1232.328821	4
1232.676638	6
1233.024454	4
1233.372271	7
1233.720087	4
1234.067904	2
1234.415721	6
1234.763537	5
1235.111354	2
1235.45917	8
1235.806987	4
1236.154803	8
1236.50262	12
1236.850437	9
1237.198253	6
1237.54607	11
1237.893886	9
1238.241703	10
1238.58952	13
1238.937336	2
1239.285153	3
1239.632969	4
1239.980786	5
1240.328603	5
1240.676419	1
1241.024236	2
1241.372052	3
1241.719869	0
1242.067686	4
1242.415502	6
1242.763319	3
1243.111135	2
1243.458952	8
1243.806769	5
1244.154585	3
1244.502402	2
1244.850218	6
1245.198035	5
1245.545852	4
1245.893668	6
1246.241485	2
1246.589301	4
1246.937118	5
1247.284934	7
1247.632751	4
1247.980568	7
1248.328384	3
1248.676201	0
1249.024017	2
1249.371834	4
1249.719651	3
1250.067467	4
1250.415284	3
1250.7631	3
1251.110917	1
1251.458734	5
1251.80655	3
1252.154367	3
1252.502183	1
1252.85	6
1253.197817	1
1253.545633	1
1253.89345	2
1254.241266	5
1254.589083	12
1254.9369	5
1255.284716	3
1255.632533	3
1255.980349	1
1256.328166	4
1256.675983	3
1257.023799	1
1257.371616	4
1257.719432	7
1258.067249	1
1258.415066	7
1258.762882	4
1259.110699	1
1259.458515	2
1259.806332	3
1260.154148	4
1260.501965	1
1260.849782	3
1261.197598	2
1261.545415	6
1261.893231	2
1262.241048	2
1262.588865	1
1262.936681	4
1263.284498	2
1263.632314	1
1263.980131	1
1264.327948	3
1264.675764	1
1265.023581	2
1265.371397	3
1265.719214	3
1266.067031	3
1266.414847	1
1266.762664	1
1267.11048	5
1267.458297	4
1267.806114	1
1268.15393	3
1268.501747	3
1268.849563	1
1269.19738	3
1269.545197	4
1269.893013	5
1270.24083	1
1270.588646	2
1270.936463	1
1271.284279	4
1271.632096	1
1271.979913	1
1272.327729	4
1272.675546	2
1273.023362	7
1273.371179	3
1273.718996	3
1274.066812	8
1274.414629	5
1274.762445	3
1275.110262	6
1275.458079	2
1275.805895	3
1276.153712	1
1276.501528	1
1276.849345	3
1277.197162	5
1277.544978	1
1277.892795	1
1278.240611	4
1278.588428	2
1278.936245	3
1279.284061	0
1279.631878	2
1279.979694	1
1280.327511	1
1280.675328	2
1281.023144	4
1281.370961	2
1281.718777	0
1282.066594	1
1282.41441	4
1282.762227	2
1283.110044	5
1283.45786	3
1283.805677	2
1284.153493	1
1284.50131	3
1284.849127	3
1285.196943	2
1285.54476	2
1285.892576	4
1286.240393	3
1286.58821	2
1286.936026	3
1287.283843	5
1287.631659	0
1287.979476	1
1288.327293	2
1288.675109	6
1289.022926	3
1289.370742	4
1289.718559	3
1290.066376	1
1290.414192	3
1290.762009	2
1291.109825	0
1291.457642	3
1291.805459	5
1292.153275	3
1292.501092	1
1292.848908	6
1293.196725	2
1293.544541	1
1293.892358	2
1294.240175	1
1294.587991	3
1294.935808	1
1295.283624	2
1295.631441	3
1295.979258	2
1296.327074	3
1296.674891	1
1297.022707	2
1297.370524	1
1297.718341	2
1298.066157	1
1298.413974	4
1298.76179	1
1299.109607	4
1299.457424	0
1299.80524	6
1300.153057	3
1300.500873	1
1300.84869	1
1301.196507	7
1301.544323	4
1301.89214	2
1302.239956	3
1302.587773	2
1302.93559	3
1303.283406	1
1303.631223	5
1303.979039	5
1304.326856	1
1304.674672	1
1305.022489	2
1305.370306	1
1305.718122	1
1306.065939	3
1306.413755	5
1306.761572	3
1307.109389	1
1307.457205	3
1307.805022	2
1308.152838	3
1308.500655	5
1308.848472	3
1309.196288	10
1309.544105	3
1309.891921	2
1310.239738	0
1310.587555	2
1310.935371	0
1311.283188	2
1311.631004	2
1311.978821	2
1312.326638	1
1312.674454	3
1313.022271	1
1313.370087	4
1313.717904	3
1314.065721	2
1314.413537	5
1314.761354	1
1315.10917	0
1315.456987	2
1315.804803	5
1316.15262	4
1316.500437	2
1316.848253	5
1317.19607	0
1317.543886	2
1317.891703	4
1318.23952	0
1318.587336	0
1318.935153	2
1319.282969	5
1319.630786	2
1319.978603	1
1320.326419	3
1320.674236	2
1321.022052	1
1321.369869	2
1321.717686	1
1322.065502	2
1322.413319	0
1322.761135	0
1323.108952	3
1323.456769	1
1323.804585	0
1324.152402	4
1324.500218	0
1324.848035	2
1325.195852	1
1325.543668	2
1325.891485	2
1326.239301	2
1326.587118	2
1326.934934	2
1327.282751	1
1327.630568	3
1327.978384	1
1328.326201	0
1328.674017	4
1329.021834	0
1329.369651	2
1329.717467	3
1330.065284	1
1330.4131	0
1330.760917	2
1331.108734	5
1331.45655	4
1331.804367	3
1332.152183	3
1332.5	5
1332.847817	2
1333.195633	2
1333.54345	3
1333.891266	4
1334.239083	1
1334.5869	6
1334.934716	4
1335.282533	3
1335.630349	1
1335.978166	1
1336.325983	2
1336.673799	1
1337.021616	1
1337.369432	0
1337.717249	2
1338.065066	1
1338.412882	4
1338.760699	2
1339.108515	1
1339.456332	2
1339.804148	0
1340.151965	1
1340.499782	0
1340.847598	2
1341.195415	2
1341.543231	1
1341.891048	2
1342.238865	1
1342.586681	0
1342.934498	3
1343.282314	0
1343.630131	1
1343.977948	1
1344.325764	2
1344.673581	3
1345.021397	1
1345.369214	1
1345.717031	0
1346.064847	2
1346.412664	3
1346.76048	2
1347.108297	4
1347.456114	3
1347.80393	1
1348.151747	2
1348.499563	1
1348.84738	1
1349.195197	3
1349.543013	2
1349.89083	2
1350.238646	1
1350.586463	0
1350.934279	1
1351.282096	0
1351.629913	1
1351.977729	0
1352.325546	3
1352.673362	2
1353.021179	4
1353.368996	1
1353.716812	1
1354.064629	1
1354.412445	1
1354.760262	0
1355.108079	1
1355.455895	1
1355.803712	1
1356.151528	2
1356.499345	0
1356.847162	1
1357.194978	3
1357.542795	1
1357.890611	3
1358.238428	3
1358.586245	2
1358.934061	2
1359.281878	0
1359.629694	4
1359.977511	3
1360.325328	1
1360.673144	0
1361.020961	2
1361.368777	1
1361.716594	0
1362.06441	2
1362.412227	3
1362.760044	1
1363.10786	2
1363.455677	3
1363.803493	1
1364.15131	0
1364.499127	0
1364.846943	1
1365.19476	0
1365.542576	3
1365.890393	2
1366.23821	2
1366.586026	0
1366.933843	2
1367.281659	0
1367.629476	3
1367.977293	3
1368.325109	1
1368.672926	0
1369.020742	2
1369.368559	1
1369.716376	1
1370.064192	2
1370.412009	1
1370.759825	3
1371.107642	0
1371.455459	0
1371.803275	2
1372.151092	1
1372.498908	1
1372.846725	1
1373.194541	1
1373.542358	0
1373.890175	0
1374.237991	1
1374.585808	1
1374.933624	1
1375.281441	4
1375.629258	4
1375.977074	3
1376.324891	1
1376.672707	6
1377.020524	6
1377.368341	4
1377.716157	4
1378.063974	5
1378.41179	3
1378.759607	2
1379.107424	1
1379.45524	4
1379.803057	0
1380.150873	2
1380.49869	0
1380.846507	2
1381.194323	1
1381.54214	3
1381.889956	2
1382.237773	3
1382.58559	1
1382.933406	1
1383.281223	1
1383.629039	3
1383.976856	2
1384.324672	4
1384.672489	0
1385.020306	3
1385.368122	7
1385.715939	1
1386.063755	0
1386.411572	2
1386.759389	3
1387.107205	0
1387.455022	1
1387.802838	1
1388.150655	2
1388.498472	1
1388.846288	0
1389.194105	1
1389.541921	0
1389.889738	0
1390.237555	2
1390.585371	1
1390.933188	1
1391.281004	3
1391.628821	0
1391.976638	3
1392.324454	0
1392.672271	0
1393.020087	0
1393.367904	2
1393.715721	1
1394.063537	1
1394.411354	0
1394.75917	0
1395.106987	0
1395.454803	1
1395.80262	0
1396.150437	2
1396.498253	0
1396.84607	0
1397.193886	2
1397.541703	2
1397.88952	1
1398.237336	1
1398.585153	0
1398.932969	2
1399.280786	3
1399.628603	2
1399.976419	3
1400.324236	0
1400.672052	3
1401.019869	3
1401.367686	4
1401.715502	3
1402.063319	4
1402.411135	1
1402.758952	2
1403.106769	0
1403.454585	0
1403.802402	2
1404.150218	1
1404.498035	1
1404.845852	0
1405.193668	2
1405.541485	3
1405.889301	2
1406.237118	1
1406.584934	2
1406.932751	2
1407.280568	5
1407.628384	3
1407.976201	3
1408.324017	1
1408.671834	1
1409.019651	2
1409.367467	1
1409.715284	2
1410.0631	2
1410.410917	2
1410.758734	1
1411.10655	2
1411.454367	1
1411.802183	0
1412.15	1
1412.497817	3
1412.845633	1
1413.19345	1
1413.541266	0
1413.889083	2
1414.2369	0
1414.584716	1
1414.932533	2
1415.280349	3
1415.628166	0
1415.975983	3
1416.323799	0
1416.671616	0
1417.019432	1
1417.367249	2
1417.715066	0
1418.062882	0
1418.410699	1
1418.758515	2
1419.106332	2
1419.454148	0
1419.801965	2
1420.149782	1
1420.497598	0
1420.845415	0
1421.193231	2
1421.541048	1
1421.888865	1
1422.236681	2
1422.584498	2
1422.932314	0
1423.280131	3
1423.627948	0
1423.975764	3
1424.323581	0
1424.671397	5
1425.019214	0
1425.367031	1
1425.714847	2
1426.062664	1
1426.41048	1
1426.758297	2
1427.106114	2
1427.45393	2
1427.801747	1
1428.149563	1
1428.49738	0
1428.845197	1
1429.193013	1
1429.54083	1
1429.888646	6
1430.236463	6