5.927510917	0
6.275327511	0
6.623144105	0
6.970960699	0
7.318777293	0
7.666593886	0
8.01441048	0
8.362227074	0
8.710043668	0
9.057860262	0
9.405676856	0
9.75349345	0
10.10131004	0
10.44912664	0
10.79694323	0
11.14475983	0
11.49257642	0
11.84039301	0
12.18820961	0
12.5360262	0
12.88384279	0
13.23165939	0
13.57947598	0
13.92729258	0
14.27510917	0
14.62292576	0
14.97074236	0
15.31855895	0
15.66637555	0
16.01419214	0
16.36200873	0
16.70982533	0
17.05764192	0
17.40545852	0
17.75327511	0
18.1010917	0
18.4489083	0
18.79672489	0
19.14454148	0
19.49235808	0
19.84017467	0
20.18799127	0
20.53580786	0
20.88362445	0
21.23144105	0
21.57925764	0
21.92707424	0
22.27489083	0
22.62270742	0
22.97052402	0
23.31834061	0
23.66615721	0
24.0139738	0
24.36179039	0
24.70960699	0
25.05742358	0
25.40524017	0
25.75305677	0
26.10087336	0
26.44868996	0
26.79650655	0
27.14432314	0
27.49213974	0
27.83995633	0
28.18777293	0
28.53558952	0
28.88340611	0
29.23122271	0
29.5790393	0
29.9268559	0
30.27467249	0
30.62248908	0
30.97030568	0
31.31812227	0
31.66593886	0
32.01375546	2
32.36157205	6
32.70938865	22
33.05720524	58
33.40502183	83
33.75283843	75
34.10065502	68
34.44847162	92
34.79628821	73
35.1441048	99
35.4919214	103
35.83973799	106
36.18755459	93
36.53537118	119
36.88318777	110
37.23100437	118
37.57882096	117
37.92663755	133
38.27445415	135
38.62227074	143
38.97008734	119
39.31790393	131
39.66572052	122
40.01353712	141
40.36135371	117
40.70917031	121
41.0569869	108
41.40480349	106
41.75262009	98
42.10043668	75
42.44825328	83
42.79606987	67
43.14388646	81
43.49170306	70
43.83951965	85
44.18733624	66
44.53515284	71
44.88296943	80
45.23078603	56
45.57860262	69
45.92641921	51
46.27423581	70
46.6220524	60
46.969869	62
47.31768559	76
47.66550218	67
48.01331878	62
48.36113537	65
48.70895197	54
49.05676856	81
49.40458515	80
49.75240175	61
50.10021834	73
50.44803493	70
50.79585153	87
51.14366812	79
51.49148472	61
51.83930131	79
52.1871179	88
52.5349345	84
52.88275109	96
53.23056769	93
53.57838428	88
53.92620087	90
54.27401747	90
54.62183406	97
54.96965066	78
55.31746725	104
55.66528384	86
56.01310044	83
56.36091703	80
56.70873362	77
57.05655022	83
57.40436681	81
57.75218341	107
58.1	94
58.44781659	98
58.79563319	87
59.14344978	108
59.49126638	82
59.83908297	103
60.18689956	103
60.53471616	97
60.88253275	89
61.23034934	102
61.57816594	84
61.92598253	95
62.27379913	98
62.62161572	101
62.96943231	110
63.31724891	94
63.6650655	102
64.0128821	84
64.36069869	113
64.70851528	107
65.05633188	105
65.40414847	107
65.75196507	96
66.09978166	103
66.44759825	109
66.79541485	114
67.14323144	104
67.49104803	100
67.83886463	96
68.18668122	97
68.53449782	105
68.88231441	105
69.230131	119
69.5779476	117
69.92576419	110
70.27358079	134
70.62139738	112
70.96921397	111
71.31703057	122
71.66484716	122
72.01266376	141
72.36048035	137
72.70829694	187
73.05611354	149
73.40393013	136
73.75174672	126
74.09956332	136
74.44737991	119
74.79519651	132
75.1430131	150
75.49082969	134
75.83864629	124
76.18646288	118
76.53427948	131
76.88209607	154
77.22991266	113
77.57772926	130
77.92554585	124
78.27336245	125
78.62117904	120
78.96899563	136
79.31681223	132
79.66462882	141
80.01244541	132
80.36026201	164
80.7080786	101
81.0558952	130
81.40371179	148
81.75152838	132
82.09934498	148
82.44716157	168
82.79497817	161
83.14279476	147
83.49061135	138
83.83842795	147
84.18624454	149
84.53406114	141
84.88187773	154
85.22969432	149
85.57751092	166
85.92532751	139
86.2731441	132
86.6209607	130
86.96877729	146
87.31659389	150
87.66441048	138
88.01222707	172
88.36004367	142
88.70786026	141
89.05567686	156
89.40349345	154
89.75131004	167
90.09912664	161
90.44694323	156
90.79475983	171
91.14257642	165
91.49039301	169
91.83820961	160
92.1860262	128
92.53384279	165
92.88165939	130
93.22947598	155
93.57729258	151
93.92510917	179
94.27292576	126
94.62074236	132
94.96855895	147
95.31637555	139
95.66419214	141
96.01200873	152
96.35982533	139
96.70764192	169
97.05545852	158
97.40327511	163
97.7510917	169
98.0989083	131
98.44672489	181
98.79454148	170
99.14235808	148
99.49017467	147
99.83799127	142
100.1858079	140
100.5336245	151
100.881441	142
101.2292576	161
101.5770742	117
101.9248908	161
102.2727074	120
102.620524	172
102.9683406	179
103.3161572	157
103.6639738	148
104.0117904	160
104.359607	148
104.7074236	179
105.0552402	165
105.4030568	157
105.7508734	151
106.09869	154
106.4465066	155
106.7943231	164
107.1421397	154
107.4899563	173
107.8377729	135
108.1855895	147
108.5334061	126
108.8812227	171
109.2290393	123
109.5768559	164
109.9246725	153
110.2724891	164
110.6203057	175
110.9681223	173
111.3159389	156
111.6637555	152
112.0115721	158
112.3593886	153
112.7072052	161
113.0550218	163
113.4028384	147
113.750655	147
114.0984716	138
114.4462882	175
114.7941048	156
115.1419214	150
115.489738	153
115.8375546	128
116.1853712	145
116.5331878	145
116.8810044	141
117.228821	144
117.5766376	159
117.9244541	163
118.2722707	146
118.6200873	154
118.9679039	138
119.3157205	159
119.6635371	158
120.0113537	158
120.3591703	157
120.7069869	163
121.0548035	182
121.4026201	139
121.7504367	151
122.0982533	149
122.4460699	153
122.7938865	162
123.1417031	147
123.4895197	146
123.8373362	173
124.1851528	154
124.5329694	164
124.880786	162
125.2286026	146
125.5764192	145
125.9242358	148
126.2720524	174
126.619869	146
126.9676856	149
127.3155022	145
127.6633188	143
128.0111354	122
128.358952	170
128.7067686	159
129.0545852	162
129.4024017	144
129.7502183	157
130.0980349	150
130.4458515	154
130.7936681	114
131.1414847	140
131.4893013	126
131.8371179	162
132.1849345	132
132.5327511	157
132.8805677	136
133.2283843	146
133.5762009	144
133.9240175	147
134.2718341	126
134.6196507	146
134.9674672	151
135.3152838	141
135.6631004	118
136.010917	145
136.3587336	134
136.7065502	141
137.0543668	125
137.4021834	130
137.75	135
138.0978166	123
138.4456332	116
138.7934498	128
139.1412664	138
139.489083	130
139.8368996	128
140.1847162	102
140.5325328	143
140.8803493	115
141.2281659	148
141.5759825	136
141.9237991	129
142.2716157	145
142.6194323	120
142.9672489	133
143.3150655	138
143.6628821	122
144.0106987	125
144.3585153	129
144.7063319	132
145.0541485	149
145.4019651	113
145.7497817	127
146.0975983	134
146.4454148	122
146.7932314	124
147.141048	99
147.4888646	137
147.8366812	122
148.1844978	145
148.5323144	107
148.880131	138
149.2279476	105
149.5757642	116
149.9235808	137
150.2713974	135
150.619214	147
150.9670306	119
151.3148472	111
151.6626638	116
152.0104803	114
152.3582969	131
152.7061135	120
153.0539301	140
153.4017467	114
153.7495633	105
154.0973799	116
154.4451965	112
154.7930131	118
155.1408297	99
155.4886463	113
155.8364629	110
156.1842795	128
156.5320961	118
156.8799127	104
157.2277293	108
157.5755459	113
157.9233624	117
158.271179	111
158.6189956	107
158.9668122	115
159.3146288	90
159.6624454	105
160.010262	107
160.3580786	99
160.7058952	128
161.0537118	104
161.4015284	100
161.749345	120
162.0971616	119
162.4449782	101
162.7927948	109
163.1406114	122
163.4884279	100
163.8362445	95
164.1840611	119
164.5318777	96
164.8796943	112
165.2275109	104
165.5753275	120
165.9231441	102
166.2709607	105
166.6187773	88
166.9665939	111
167.3144105	102
167.6622271	100
168.0100437	100
168.3578603	85
168.7056769	104
169.0534934	109
169.40131	100
169.7491266	103
170.0969432	94
170.4447598	101
170.7925764	91
171.140393	90
171.4882096	117
171.8360262	84
172.1838428	116
172.5316594	112
172.879476	104
173.2272926	95
173.5751092	88
173.9229258	94
174.2707424	90
174.618559	107
174.9663755	102
175.3141921	96
175.6620087	96
176.0098253	107
176.3576419	99
176.7054585	100
177.0532751	77
177.4010917	99
177.7489083	97
178.0967249	104
178.4445415	93
178.7923581	109
179.1401747	95
179.4879913	90
179.8358079	87
180.1836245	73
180.531441	94
180.8792576	82
181.2270742	88
181.5748908	100
181.9227074	76
182.270524	118
182.6183406	106
182.9661572	98
183.3139738	96
183.6617904	85
184.009607	101
184.3574236	112
184.7052402	99
185.0530568	117
185.4008734	107
185.74869	84
186.0965066	84
186.4443231	74
186.7921397	101
187.1399563	97
187.4877729	74
187.8355895	82
188.1834061	90
188.5312227	86
188.8790393	86
189.2268559	85
189.5746725	70
189.9224891	87
190.2703057	90
190.6181223	85
190.9659389	100
191.3137555	95
191.6615721	91
192.0093886	87
192.3572052	83
192.7050218	85
193.0528384	71
193.400655	85
193.7484716	88
194.0962882	96
194.4441048	94
194.7919214	76
195.139738	71
195.4875546	63
195.8353712	80
196.1831878	71
196.5310044	81
196.878821	81
197.2266376	88
197.5744541	59
197.9222707	66
198.2700873	93
198.6179039	91
198.9657205	79
199.3135371	84
199.6613537	79
200.0091703	78
200.3569869	76
200.7048035	71
201.0526201	72
201.4004367	70
201.7482533	73
202.0960699	81
202.4438865	71
202.7917031	77
203.1395197	64
203.4873362	71
203.8351528	83
204.1829694	70
204.530786	79
204.8786026	74
205.2264192	78
205.5742358	59
205.9220524	59
206.269869	60
206.6176856	81
206.9655022	67
207.3133188	52
207.6611354	79
208.008952	92
208.3567686	79
208.7045852	79
209.0524017	73
209.4002183	67
209.7480349	80
210.0958515	74
210.4436681	71
210.7914847	75
211.1393013	76
211.4871179	76
211.8349345	64
212.1827511	74
212.5305677	81
212.8783843	71
213.2262009	56
213.5740175	58
213.9218341	79
214.2696507	77
214.6174672	67
214.9652838	56
215.3131004	61
215.660917	68
216.0087336	53
216.3565502	68
216.7043668	52
217.0521834	59
217.4	69
217.7478166	67
218.0956332	60
218.4434498	57
218.7912664	57
219.139083	56
219.4868996	58
219.8347162	61
220.1825328	69
220.5303493	64
220.8781659	67
221.2259825	62
221.5737991	60
221.9216157	58
222.2694323	72
222.6172489	58
222.9650655	71
223.3128821	39
223.6606987	60
224.0085153	65
224.3563319	78
224.7041485	49
225.0519651	53
225.3997817	72
225.7475983	54
226.0954148	59
226.4432314	67
226.791048	70
227.1388646	72
227.4866812	66
227.8344978	67
228.1823144	50
228.530131	59
228.8779476	59
229.2257642	57
229.5735808	52
229.9213974	52
230.269214	68
230.6170306	44
230.9648472	45
231.3126638	52
231.6604803	67
232.0082969	63
232.3561135	49
232.7039301	59
233.0517467	55
233.3995633	49
233.7473799	53
234.0951965	56
234.4430131	51
234.7908297	54
235.1386463	48
235.4864629	63
235.8342795	65
236.1820961	57
236.5299127	58
236.8777293	68
237.2255459	94
237.5733624	157
237.921179	212
238.2689956	145
238.6168122	93
238.9646288	78
239.3124454	57
239.660262	59
240.0080786	58
240.3558952	79
240.7037118	59
241.0515284	61
241.399345	65
241.7471616	58
242.0949782	59
242.4427948	56
242.7906114	47
243.1384279	55
243.4862445	45
243.8340611	56
244.1818777	54
244.5296943	48
244.8775109	40
245.2253275	44
245.5731441	49
245.9209607	51
246.2687773	57
246.6165939	41
246.9644105	40
247.3122271	49
247.6600437	51
248.0078603	41
248.3556769	55
248.7034934	44
249.05131	48
249.3991266	53
249.7469432	69
250.0947598	50
250.4425764	38
250.790393	39
251.1382096	48
251.4860262	57
251.8338428	33
252.1816594	51
252.529476	37
252.8772926	41
253.2251092	41
253.5729258	50
253.9207424	37
254.268559	49
254.6163755	59
254.9641921	55
255.3120087	42
255.6598253	51
256.0076419	43
256.3554585	41
256.7032751	53
257.0510917	50
257.3989083	33
257.7467249	44
258.0945415	44
258.4423581	56
258.7901747	40
259.1379913	40
259.4858079	42
259.8336245	45
260.181441	34
260.5292576	48
260.8770742	49
261.2248908	42
261.5727074	42
261.920524	48
262.2683406	46
262.6161572	29
262.9639738	48
263.3117904	31
263.659607	36
264.0074236	48
264.3552402	42
264.7030568	43
265.0508734	34
265.39869	38
265.7465066	43
266.0943231	48
266.4421397	48
266.7899563	40
267.1377729	37
267.4855895	31
267.8334061	33
268.1812227	38
268.5290393	41
268.8768559	33
269.2246725	49
269.5724891	52
269.9203057	45
270.2681223	41
270.6159389	30
270.9637555	33
271.3115721	38
271.6593886	35
272.0072052	44
272.3550218	39
272.7028384	39
273.050655	36
273.3984716	35
273.7462882	32
274.0941048	47
274.4419214	38
274.789738	36
275.1375546	23
275.4853712	42
275.8331878	45
276.1810044	44
276.528821	35
276.8766376	39
277.2244541	41
277.5722707	38
277.9200873	36
278.2679039	32
278.6157205	31
278.9635371	38
279.3113537	30
279.6591703	29
280.0069869	36
280.3548035	33
280.7026201	25
281.0504367	42
281.3982533	38
281.7460699	33
282.0938865	33
282.4417031	25
282.7895197	40
283.1373362	31
283.4851528	41
283.8329694	30
284.180786	22
284.5286026	41
284.8764192	36
285.2242358	34
285.5720524	37
285.919869	31
286.2676856	28
286.6155022	28
286.9633188	26
287.3111354	35
287.658952	29
288.0067686	35
288.3545852	45
288.7024017	36
289.0502183	38
289.3980349	41
289.7458515	29
290.0936681	43
290.4414847	26
290.7893013	36
291.1371179	36
291.4849345	36
291.8327511	36
292.1805677	35
292.5283843	34
292.8762009	28
293.2240175	19
293.5718341	28
293.9196507	40
294.2674672	55
294.6152838	60
294.9631004	66
295.310917	67
295.6587336	45
296.0065502	40
296.3543668	31
296.7021834	31
297.05	28
297.3978166	34
297.7456332	37
298.0934498	28
298.4412664	28
298.789083	30
299.1368996	36
299.4847162	50
299.8325328	46
300.1803493	41
300.5281659	30
300.8759825	33
301.2237991	24
301.5716157	33
301.9194323	31
302.2672489	40
302.6150655	37
302.9628821	32
303.3106987	27
303.6585153	33
304.0063319	33
304.3541485	40
304.7019651	34
305.0497817	31
305.3975983	33
305.7454148	27
306.0932314	34
306.441048	17
306.7888646	30
307.1366812	30
307.4844978	32
307.8323144	30
308.180131	33
308.5279476	40
308.8757642	33
309.2235808	44
309.5713974	31
309.919214	27
310.2670306	33
310.6148472	31
310.9626638	36
311.3104803	24
311.6582969	28
312.0061135	36
312.3539301	36
312.7017467	27
313.0495633	30
313.3973799	28
313.7451965	22
314.0930131	31
314.4408297	27
314.7886463	25
315.1364629	26
315.4842795	25
315.8320961	31
316.1799127	30
316.5277293	27
316.8755459	30
317.2233624	29
317.571179	28
317.9189956	32
318.2668122	33
318.6146288	33
318.9624454	29
319.310262	24
319.6580786	23
320.0058952	24
320.3537118	24
320.7015284	34
321.049345	24
321.3971616	36
321.7449782	30
322.0927948	22
322.4406114	33
322.7884279	25
323.1362445	22
323.4840611	27
323.8318777	31
324.1796943	28
324.5275109	34
324.8753275	17
325.2231441	28
325.5709607	34
325.9187773	26
326.2665939	23
326.6144105	33
326.9622271	28
327.3100437	44
327.6578603	38
328.0056769	31
328.3534934	34
328.70131	25
329.0491266	19
329.3969432	28
329.7447598	24
330.0925764	26
330.440393	27
330.7882096	28
331.1360262	20
331.4838428	28
331.8316594	25
332.179476	20
332.5272926	36
332.8751092	15
333.2229258	24
333.5707424	23
333.918559	18
334.2663755	20
334.6141921	28
334.9620087	24
335.3098253	26
335.6576419	29
336.0054585	29
336.3532751	31
336.7010917	16
337.0489083	23
337.3967249	33
337.7445415	44
338.0923581	67
338.4401747	47
338.7879913	47
339.1358079	26
339.4836245	30
339.831441	26
340.1792576	27
340.5270742	21
340.8748908	27
341.2227074	24
341.570524	25
341.9183406	18
342.2661572	22
342.6139738	18
342.9617904	25
343.309607	24
343.6574236	29
344.0052402	20
344.3530568	25
344.7008734	22
345.04869	24
345.3965066	25
345.7443231	22
346.0921397	27
346.4399563	26
346.7877729	31
347.1355895	16
347.4834061	24
347.8312227	21
348.1790393	27
348.5268559	28
348.8746725	30
349.2224891	31
349.5703057	19
349.9181223	19
350.2659389	27
350.6137555	32
350.9615721	43
351.3093886	48
351.6572052	84
352.0050218	85
352.3528384	66
352.700655	45
353.0484716	39
353.3962882	13
353.7441048	16
354.0919214	29
354.439738	21
354.7875546	25
355.1353712	23
355.4831878	25
355.8310044	29
356.178821	29
356.5266376	12
356.8744541	20
357.2222707	17
357.5700873	14
357.9179039	26
358.2657205	22
358.6135371	18
358.9613537	24
359.3091703	20
359.6569869	15
360.0048035	26
360.3526201	19
360.7004367	28
361.0482533	17
361.3960699	15
361.7438865	16
362.0917031	21
362.4395197	16
362.7873362	11
363.1351528	15
363.4829694	21
363.830786	23
364.1786026	25
364.5264192	16
364.8742358	20
365.2220524	22
365.569869	20
365.9176856	22
366.2655022	14
366.6133188	15
366.9611354	23
367.308952	22
367.6567686	13
368.0045852	22
368.3524017	19
368.7002183	12
369.0480349	14
369.3958515	21
369.7436681	22
370.0914847	30
370.4393013	14
370.7871179	21
371.1349345	17
371.4827511	21
371.8305677	17
372.1783843	16
372.5262009	29
372.8740175	22
373.2218341	13
373.5696507	33
373.9174672	18
374.2652838	13
374.6131004	19
374.960917	6
375.3087336	24
375.6565502	24
376.0043668	13
376.3521834	12
376.7	28
377.0478166	22
377.3956332	24
377.7434498	14
378.0912664	20
378.439083	13
378.7868996	15
379.1347162	23
379.4825328	17
379.8303493	14
380.1781659	21
380.5259825	16
380.8737991	15
381.2216157	15
381.5694323	27
381.9172489	13
382.2650655	18
382.6128821	22
382.9606987	32
383.3085153	19
383.6563319	19
384.0041485	14
384.3519651	16
384.6997817	28
385.0475983	19
385.3954148	19
385.7432314	16
386.091048	24
386.4388646	21
386.7866812	14
387.1344978	17
387.4823144	9
387.830131	17
388.1779476	23
388.5257642	21
388.8735808	20
389.2213974	7
389.569214	20
389.9170306	20
390.2648472	20
390.6126638	19
390.9604803	25
391.3082969	20
391.6561135	17
392.0039301	11
392.3517467	19
392.6995633	20
393.0473799	16
393.3951965	20
393.7430131	22
394.0908297	11
394.4386463	23
394.7864629	11
395.1342795	13
395.4820961	19
395.8299127	19
396.1777293	14
396.5255459	12
396.8733624	24
397.221179	25
397.5689956	16
397.9168122	19
398.2646288	25
398.6124454	18
398.960262	15
399.3080786	19
399.6558952	24
400.0037118	13
400.3515284	22
400.699345	18
401.0471616	13
401.3949782	19
401.7427948	13
402.0906114	12
402.4384279	14
402.7862445	16
403.1340611	16
403.4818777	21
403.8296943	21
404.1775109	20
404.5253275	21
404.8731441	14
405.2209607	18
405.5687773	20
405.9165939	17
406.2644105	21
406.6122271	27
406.9600437	19
407.3078603	31
407.6556769	18
408.0034934	24
408.35131	14
408.6991266	15
409.0469432	28
409.3947598	15
409.7425764	15
410.090393	21
410.4382096	28
410.7860262	16
411.1338428	16
411.4816594	28
411.829476	22
412.1772926	13
412.5251092	8
412.8729258	15
413.2207424	23
413.568559	21
413.9163755	16
414.2641921	16
414.6120087	17
414.9598253	11
415.3076419	18
415.6554585	8
416.0032751	16
416.3510917	17
416.6989083	16
417.0467249	20
417.3945415	14
417.7423581	13
418.0901747	16
418.4379913	10
418.7858079	14
419.1336245	18
419.481441	21
419.8292576	17
420.1770742	10
420.5248908	16
420.8727074	15
421.220524	14
421.5683406	18
421.9161572	15
422.2639738	18
422.6117904	19
422.959607	13
423.3074236	13
423.6552402	11
424.0030568	16
424.3508734	8
424.69869	13
425.0465066	19
425.3943231	13
425.7421397	18
426.0899563	12
426.4377729	17
426.7855895	19
427.1334061	16
427.4812227	24
427.8290393	13
428.1768559	20
428.5246725	9
428.8724891	17
429.2203057	13
429.5681223	11
429.9159389	26
430.2637555	26
430.6115721	14
430.9593886	23
431.3072052	9
431.6550218	13
432.0028384	17
432.350655	19
432.6984716	20
433.0462882	14
433.3941048	16
433.7419214	13
434.089738	10
434.4375546	11
434.7853712	14
435.1331878	14
435.4810044	20
435.828821	16
436.1766376	13
436.5244541	13
436.8722707	14
437.2200873	9
437.5679039	13
437.9157205	16
438.2635371	22
438.6113537	10
438.9591703	12
439.3069869	19
439.6548035	20
440.0026201	12
440.3504367	19
440.6982533	16
441.0460699	14
441.3938865	12
441.7417031	14
442.0895197	13
442.4373362	13
442.7851528	14
443.1329694	17
443.480786	15
443.8286026	16
444.1764192	19
444.5242358	15
444.8720524	12
445.219869	13
445.5676856	14
445.9155022	15
446.2633188	20
446.6111354	18
446.958952	12
447.3067686	12
447.6545852	11
448.0024017	20
448.3502183	18
448.6980349	10
449.0458515	16
449.3936681	13
449.7414847	22
450.0893013	20
450.4371179	15
450.7849345	15
451.1327511	16
451.4805677	16
451.8283843	8
452.1762009	12
452.5240175	12
452.8718341	6
453.2196507	14
453.5674672	12
453.9152838	17
454.2631004	17
454.610917	11
454.9587336	11
455.3065502	13
455.6543668	9
456.0021834	16
456.35	13
456.6978166	11
457.0456332	17
457.3934498	13
457.7412664	25
458.089083	11
458.4368996	10
458.7847162	14
459.1325328	11
459.4803493	14
459.8281659	16
460.1759825	7
460.5237991	16
460.8716157	13
461.2194323	13
461.5672489	11
461.9150655	18
462.2628821	14
462.6106987	14
462.9585153	11
463.3063319	13
463.6541485	23
464.0019651	19
464.3497817	19
464.6975983	19
465.0454148	15
465.3932314	13
465.741048	19
466.0888646	15
466.4366812	11
466.7844978	12
467.1323144	12
467.480131	8
467.8279476	13
468.1757642	10
468.5235808	11
468.8713974	6
469.219214	12
469.5670306	13
469.9148472	14
470.2626638	19
470.6104803	10
470.9582969	13
471.3061135	11
471.6539301	18
472.0017467	10
472.3495633	15
472.6973799	14
473.0451965	16
473.3930131	13
473.7408297	6
474.0886463	19
474.4364629	18
474.7842795	20
475.1320961	10
475.4799127	10
475.8277293	8
476.1755459	13
476.5233624	16
476.871179	7
477.2189956	11
477.5668122	23
477.9146288	14
478.2624454	9
478.610262	11
478.9580786	16
479.3058952	13
479.6537118	11
480.0015284	12
480.349345	11
480.6971616	19
481.0449782	10
481.3927948	12
481.7406114	6
482.0884279	15
482.4362445	16
482.7840611	13
483.1318777	13
483.4796943	12
483.8275109	14
484.1753275	5
484.5231441	8
484.8709607	7
485.2187773	19
485.5665939	12
485.9144105	6
486.2622271	14
486.6100437	12
486.9578603	9
487.3056769	9
487.6534934	9
488.00131	12
488.3491266	7
488.6969432	11
489.0447598	18
489.3925764	17
489.740393	13
490.0882096	16
490.4360262	9
490.7838428	14
491.1316594	15
491.479476	10
491.8272926	10
492.1751092	9
492.5229258	7
492.8707424	9
493.218559	9
493.5663755	17
493.9141921	8
494.2620087	19
494.6098253	14
494.9576419	13
495.3054585	13
495.6532751	14
496.0010917	12
496.3489083	14
496.6967249	10
497.0445415	11
497.3923581	16
497.7401747	16
498.0879913	16
498.4358079	17
498.7836245	8
499.131441	10
499.4792576	9
499.8270742	11
500.1748908	11
500.5227074	12
500.870524	12
501.2183406	10
501.5661572	18
501.9139738	10
502.2617904	10
502.609607	14
502.9574236	16
503.3052402	7
503.6530568	13
504.0008734	5
504.34869	8
504.6965066	5
505.0443231	14
505.3921397	12
505.7399563	20
506.0877729	8
506.4355895	8
506.7834061	7
507.1312227	17
507.4790393	12
507.8268559	16
508.1746725	11
508.5224891	10
508.8703057	15
509.2181223	12
509.5659389	12
509.9137555	8
510.2615721	13
510.6093886	16
510.9572052	13
511.3050218	24
511.6528384	18
512.000655	37
512.3484716	25
512.6962882	32
513.0441048	40
513.3919214	29
513.739738	24
514.0875546	16
514.4353712	13
514.7831878	18
515.1310044	13
515.478821	12
515.8266376	10
516.1744541	12
516.5222707	13
516.8700873	15
517.2179039	14
517.5657205	8
517.9135371	10
518.2613537	12
518.6091703	17
518.9569869	11
519.3048035	11
519.6526201	12
520.0004367	6
520.3482533	19
520.6960699	13
521.0438865	11
521.3917031	11
521.7395197	16
522.0873362	9
522.4351528	5
522.7829694	9
523.130786	7
523.4786026	14
523.8264192	11
524.1742358	14
524.5220524	9
524.869869	12
525.2176856	13
525.5655022	8
525.9133188	10
526.2611354	11
526.608952	7
526.9567686	9
527.3045852	10
527.6524017	6
528.0002183	15
528.3480349	6
528.6958515	11
529.0436681	10
529.3914847	5
529.7393013	6
530.0871179	9
530.4349345	5
530.7827511	14
531.1305677	11
531.4783843	6
531.8262009	9
532.1740175	11
532.5218341	10
532.8696507	11
533.2174672	13
533.5652838	6
533.9131004	12
534.260917	8
534.6087336	12
534.9565502	8
535.3043668	10
535.6521834	10
536	6
536.3478166	11
536.6956332	7
537.0434498	13
537.3912664	9
537.739083	13
538.0868996	4
538.4347162	12
538.7825328	17
539.1303493	11
539.4781659	16
539.8259825	16
540.1737991	19
540.5216157	2
540.8694323	9
541.2172489	9
541.5650655	14
541.9128821	11
542.2606987	8
542.6085153	13
542.9563319	9
543.3041485	12
543.6519651	7
543.9997817	5
544.3475983	7
544.6954148	8
545.0432314	13
545.391048	18
545.7388646	9
546.0866812	10
546.4344978	9
546.7823144	7
547.130131	15
547.4779476	6
547.8257642	14
548.1735808	9
548.5213974	7
548.869214	8
549.2170306	10
549.5648472	12
549.9126638	8
550.2604803	9
550.6082969	11
550.9561135	7
551.3039301	4
551.6517467	9
551.9995633	7
552.3473799	10
552.6951965	9
553.0430131	13
553.3908297	11
553.7386463	21
554.0864629	13
554.4342795	7
554.7820961	5
555.1299127	17
555.4777293	9
555.8255459	10
556.1733624	10
556.521179	11
556.8689956	9
557.2168122	15
557.5646288	9
557.9124454	11
558.260262	7
558.6080786	10
558.9558952	6
559.3037118	11
559.6515284	15
559.999345	4
560.3471616	9
560.6949782	7
561.0427948	7
561.3906114	13
561.7384279	12
562.0862445	9
562.4340611	10
562.7818777	11
563.1296943	9
563.4775109	10
563.8253275	3
564.1731441	11
564.5209607	9
564.8687773	12
565.2165939	11
565.5644105	5
565.9122271	5
566.2600437	13
566.6078603	9
566.9556769	9
567.3034934	8
567.65131	10
567.9991266	8
568.3469432	10
568.6947598	7
569.0425764	7
569.390393	10
569.7382096	10
570.0860262	14
570.4338428	8
570.7816594	10
571.129476	11
571.4772926	4
571.8251092	13
572.1729258	11
572.5207424	11
572.868559	8
573.2163755	8
573.5641921	10
573.9120087	9
574.2598253	8
574.6076419	11
574.9554585	4
575.3032751	9
575.6510917	3
575.9989083	10
576.3467249	7
576.6945415	3
577.0423581	8
577.3901747	6
577.7379913	6
578.0858079	10
578.4336245	3
578.781441	13
579.1292576	12
579.4770742	9
579.8248908	9
580.1727074	12
580.520524	9
580.8683406	9
581.2161572	6
581.5639738	7
581.9117904	6
582.259607	7
582.6074236	7
582.9552402	7
583.3030568	11
583.6508734	5
583.99869	11
584.3465066	13
584.6943231	11
585.0421397	9
585.3899563	16
585.7377729	32
586.0855895	56
586.4334061	45
586.7812227	43
587.1290393	24
587.4768559	11
587.8246725	10
588.1724891	8
588.5203057	7
588.8681223	5
589.2159389	15
589.5637555	11
589.9115721	11
590.2593886	10
590.6072052	7
590.9550218	10
591.3028384	7
591.650655	14
591.9984716	9
592.3462882	9
592.6941048	11
593.0419214	15
593.389738	9
593.7375546	12
594.0853712	10
594.4331878	9
594.7810044	3
595.128821	6
595.4766376	8
595.8244541	6
596.1722707	6
596.5200873	5
596.8679039	7
597.2157205	8
597.5635371	8
597.9113537	10
598.2591703	8
598.6069869	9
598.9548035	10
599.3026201	13
599.6504367	12
599.9982533	4
600.3460699	8
600.6938865	9
601.0417031	5
601.3895197	11
601.7373362	10
602.0851528	7
602.4329694	6
602.780786	3
603.1286026	6
603.4764192	14
603.8242358	10
604.1720524	9
604.519869	8
604.8676856	3
605.2155022	10
605.5633188	9
605.9111354	6
606.258952	8
606.6067686	0
606.9545852	9
607.3024017	10
607.6502183	10
607.9980349	6
608.3458515	12
608.6936681	5
609.0414847	8
609.3893013	14
609.7371179	7
610.0849345	12
610.4327511	10
610.7805677	3
611.1283843	12
611.4762009	19
611.8240175	25
612.1718341	49
612.5196507	57
612.8674672	49
613.2152838	46
613.5631004	28
613.910917	17
614.2587336	11
614.6065502	8
614.9543668	9
615.3021834	6
615.65	4
615.9978166	8
616.3456332	10
616.6934498	6
617.0412664	5
617.389083	8
617.7368996	7
618.0847162	7
618.4325328	4
618.7803493	4
619.1281659	9
619.4759825	10
619.8237991	6
620.1716157	7
620.5194323	9
620.8672489	9
621.2150655	14
621.5628821	8
621.9106987	10
622.2585153	3
622.6063319	3
622.9541485	13
623.3019651	11
623.6497817	6
623.9975983	9
624.3454148	11
624.6932314	10
625.041048	13
625.3888646	5
625.7366812	7
626.0844978	4
626.4323144	9
626.780131	5
627.1279476	9
627.4757642	6
627.8235808	15
628.1713974	5
628.519214	7
628.8670306	7
629.2148472	12
629.5626638	10
629.9104803	8
630.2582969	10
630.6061135	11
630.9539301	10
631.3017467	11
631.6495633	15
631.9973799	8
632.3451965	9
632.6930131	12
633.0408297	8
633.3886463	6
633.7364629	14
634.0842795	7
634.4320961	7
634.7799127	6
635.1277293	6
635.4755459	11
635.8233624	3
636.171179	9
636.5189956	5
636.8668122	9
637.2146288	7
637.5624454	6
637.910262	6
638.2580786	6
638.6058952	12
638.9537118	6
639.3015284	7
639.649345	5
639.9971616	9
640.3449782	10
640.6927948	9
641.0406114	15
641.3884279	4
641.7362445	8
642.0840611	1
642.4318777	9
642.7796943	8
643.1275109	14
643.4753275	11
643.8231441	8
644.1709607	11
644.5187773	7
644.8665939	8
645.2144105	4
645.5622271	3
645.9100437	6
646.2578603	6
646.6056769	7
646.9534934	8
647.30131	8
647.6491266	8
647.9969432	3
648.3447598	15
648.6925764	9
649.040393	8
649.3882096	7
649.7360262	11
650.0838428	16
650.4316594	9
650.779476	7
651.1272926	14
651.4751092	7
651.8229258	6
652.1707424	6
652.518559	8
652.8663755	11
653.2141921	6
653.5620087	6
653.9098253	9
654.2576419	8
654.6054585	2
654.9532751	9
655.3010917	9
655.6489083	10
655.9967249	3
656.3445415	6
656.6923581	5
657.0401747	8
657.3879913	9
657.7358079	6
658.0836245	9
658.431441	12
658.7792576	5
659.1270742	8
659.4748908	10
659.8227074	7
660.170524	7
660.5183406	10
660.8661572	8
661.2139738	10
661.5617904	7
661.909607	3
662.2574236	8
662.6052402	10
662.9530568	5
663.3008734	9
663.64869	3
663.9965066	11
664.3443231	20
664.6921397	18
665.0399563	26
665.3877729	21
665.7355895	21
666.0834061	11
666.4312227	9
666.7790393	9
667.1268559	6
667.4746725	8
667.8224891	6
668.1703057	8
668.5181223	10
668.8659389	11
669.2137555	8
669.5615721	12
669.9093886	8
670.2572052	6
670.6050218	9
670.9528384	4
671.300655	4
671.6484716	4
671.9962882	7
672.3441048	4
672.6919214	4
673.039738	9
673.3875546	14
673.7353712	9
674.0831878	10
674.4310044	11
674.778821	9
675.1266376	7
675.4744541	6
675.8222707	6
676.1700873	4
676.5179039	6
676.8657205	9
677.2135371	4
677.5613537	6
677.9091703	7
678.2569869	9
678.6048035	4
678.9526201	5
679.3004367	8
679.6482533	7
679.9960699	8
680.3438865	6
680.6917031	10
681.0395197	4
681.3873362	7
681.7351528	5
682.0829694	9
682.430786	8
682.7786026	9
683.1264192	6
683.4742358	8
683.8220524	5
684.169869	5
684.5176856	10
684.8655022	7
685.2133188	5
685.5611354	9
685.908952	6
686.2567686	9
686.6045852	6
686.9524017	5
687.3002183	6
687.6480349	11
687.9958515	10
688.3436681	12
688.6914847	4
689.0393013	6
689.3871179	8
689.7349345	9
690.0827511	8
690.4305677	5
690.7783843	11
691.1262009	10
691.4740175	7
691.8218341	5
692.1696507	5
692.5174672	5
692.8652838	4
693.2131004	10
693.560917	3
693.9087336	6
694.2565502	8
694.6043668	7
694.9521834	9
695.3	8
695.6478166	4
695.9956332	4
696.3434498	8
696.6912664	11
697.039083	10
697.3868996	4
697.7347162	6
698.0825328	7
698.4303493	5
698.7781659	2
699.1259825	6
699.4737991	4
699.8216157	7
700.1694323	5
700.5172489	6
700.8650655	4
701.2128821	11
701.5606987	6
701.9085153	4
702.2563319	15
702.6041485	2
702.9519651	5
703.2997817	7
703.6475983	9
703.9954148	5
704.3432314	4
704.691048	4
705.0388646	2
705.3866812	3
705.7344978	5
706.0823144	8
706.430131	7
706.7779476	6
707.1257642	7
707.4735808	2
707.8213974	5
708.169214	9
708.5170306	8
708.8648472	3
709.2126638	5
709.5604803	4
709.9082969	5
710.2561135	5
710.6039301	8
710.9517467	5
711.2995633	9
711.6473799	2
711.9951965	6
712.3430131	11
712.6908297	3
713.0386463	7
713.3864629	10
713.7342795	5
714.0820961	3
714.4299127	5
714.7777293	5
715.1255459	10
715.4733624	4
715.821179	1
716.1689956	11
716.5168122	6
716.8646288	1
717.2124454	5
717.560262	12
717.9080786	4
718.2558952	5
718.6037118	8
718.9515284	7
719.299345	7
719.6471616	6
719.9949782	6
720.3427948	11
720.6906114	10
721.0384279	8
721.3862445	9
721.7340611	9
722.0818777	6
722.4296943	5
722.7775109	8
723.1253275	10
723.4731441	5
723.8209607	7
724.1687773	5
724.5165939	7
724.8644105	6
725.2122271	4
725.5600437	5
725.9078603	7
726.2556769	9
726.6034934	5
726.95131	3
727.2991266	8
727.6469432	10
727.9947598	6
728.3425764	6
728.690393	4
729.0382096	10
729.3860262	10
729.7338428	9
730.0816594	9
730.429476	15
730.7772926	12
731.1251092	13
731.4729258	11
731.8207424	8
732.168559	4
732.5163755	9
732.8641921	11
733.2120087	5
733.5598253	13
733.9076419	9
734.2554585	6
734.6032751	6
734.9510917	6
735.2989083	3
735.6467249	7
735.9945415	4
736.3423581	12
736.6901747	6
737.0379913	3
737.3858079	5
737.7336245	7
738.081441	9
738.4292576	9
738.7770742	3
739.1248908	5
739.4727074	6
739.820524	6
740.1683406	1
740.5161572	6
740.8639738	4
741.2117904	3
741.559607	8
741.9074236	4
742.2552402	6
742.6030568	9
742.9508734	7
743.29869	2
743.6465066	7
743.9943231	9
744.3421397	5
744.6899563	8
745.0377729	6
745.3855895	10
745.7334061	10
746.0812227	3
746.4290393	3
746.7768559	7
747.1246725	10
747.4724891	4
747.8203057	10
748.1681223	6
748.5159389	7
748.8637555	7
749.2115721	9
749.5593886	6
749.9072052	4
750.2550218	8
750.6028384	1
750.950655	3
751.2984716	8
751.6462882	8
751.9941048	4
752.3419214	7
752.689738	5
753.0375546	4
753.3853712	9
753.7331878	4
754.0810044	7
754.428821	4
754.7766376	8
755.1244541	10
755.4722707	10
755.8200873	2
756.1679039	5
756.5157205	5
756.8635371	5
757.2113537	3
757.5591703	10
757.9069869	6
758.2548035	5
758.6026201	5
758.9504367	9
759.2982533	6
759.6460699	5
759.9938865	10
760.3417031	1
760.6895197	5
761.0373362	7
761.3851528	7
761.7329694	10
762.080786	8
762.4286026	4
762.7764192	6
763.1242358	3
763.4720524	6
763.819869	8
764.1676856	1
764.5155022	5
764.8633188	12
765.2111354	9
765.558952	6
765.9067686	3
766.2545852	6
766.6024017	3
766.9502183	4
767.2980349	10
767.6458515	8
767.9936681	6
768.3414847	6
768.6893013	8
769.0371179	7
769.3849345	5
769.7327511	4
770.0805677	5
770.4283843	6
770.7762009	7
771.1240175	8
771.4718341	16
771.8196507	8
772.1674672	19
772.5152838	10
772.8631004	5
773.210917	8
773.5587336	6
773.9065502	5
774.2543668	4
774.6021834	8
774.95	13
775.2978166	8
775.6456332	9
775.9934498	6
776.3412664	7
776.689083	3
777.0368996	6
777.3847162	4
777.7325328	4
778.0803493	7
778.4281659	5
778.7759825	8
779.1237991	3
779.4716157	6
779.8194323	4
780.1672489	6
780.5150655	1
780.8628821	7
781.2106987	6
781.5585153	4
781.9063319	3
782.2541485	8
782.6019651	1
782.9497817	5
783.2975983	5
783.6454148	6
783.9932314	8
784.341048	2
784.6888646	1
785.0366812	5
785.3844978	9
785.7323144	5
786.080131	8
786.4279476	7
786.7757642	6
787.1235808	3
787.4713974	4
787.819214	3
788.1670306	8
788.5148472	5
788.8626638	5
789.2104803	4
789.5582969	3
789.9061135	6
790.2539301	4
790.6017467	8
790.9495633	5
791.2973799	6
791.6451965	5
791.9930131	8
792.3408297	4
792.6886463	5
793.0364629	7
793.3842795	5
793.7320961	1
794.0799127	4
794.4277293	6
794.7755459	6
795.1233624	2
795.471179	5
795.8189956	3
796.1668122	4
796.5146288	6
796.8624454	8
797.210262	10
797.5580786	12
797.9058952	9
798.2537118	8
798.6015284	6
798.949345	4
799.2971616	8
799.6449782	3
799.9927948	7
800.3406114	2
800.6884279	6
801.0362445	2
801.3840611	6
801.7318777	5
802.0796943	4
802.4275109	8
802.7753275	5
803.1231441	2
803.4709607	6
803.8187773	6
804.1665939	5
804.5144105	8
804.8622271	5
805.2100437	2
805.5578603	7
805.9056769	4
806.2534934	9
806.60131	8
806.9491266	6
807.2969432	7
807.6447598	4
807.9925764	13
808.340393	4
808.6882096	6
809.0360262	11
809.3838428	5
809.7316594	11
810.079476	6
810.4272926	7
810.7751092	6
811.1229258	4
811.4707424	5
811.818559	6
812.1663755	4
812.5141921	9
812.8620087	4
813.2098253	8
813.5576419	3
813.9054585	4
814.2532751	4
814.6010917	5
814.9489083	10
815.2967249	1
815.6445415	7
815.9923581	3
816.3401747	5
816.6879913	5
817.0358079	3
817.3836245	7
817.731441	4
818.0792576	6
818.4270742	7
818.7748908	7
819.1227074	3
819.470524	3
819.8183406	7
820.1661572	6
820.5139738	9
820.8617904	5
821.209607	1
821.5574236	6
821.9052402	4
822.2530568	3
822.6008734	2
822.94869	3
823.2965066	2
823.6443231	7
823.9921397	9
824.3399563	3
824.6877729	6
825.0355895	10
825.3834061	2
825.7312227	4
826.0790393	6
826.4268559	5
826.7746725	2
827.1224891	4
827.4703057	6
827.8181223	5
828.1659389	6
828.5137555	9
828.8615721	6
829.2093886	2
829.5572052	7
829.9050218	5
830.2528384	6
830.600655	6
830.9484716	5
831.2962882	3
831.6441048	4
831.9919214	3
832.339738	5
832.6875546	9
833.0353712	8
833.3831878	3
833.7310044	7
834.078821	2
834.4266376	8
834.7744541	6
835.1222707	5
835.4700873	3
835.8179039	2
836.1657205	5
836.5135371	5
836.8613537	5
837.2091703	4
837.5569869	5
837.9048035	8
838.2526201	6
838.6004367	7
838.9482533	7
839.2960699	3
839.6438865	7
839.9917031	4
840.3395197	3
840.6873362	2
841.0351528	2
841.3829694	5
841.730786	5
842.0786026	3
842.4264192	5
842.7742358	3
843.1220524	8
843.469869	5
843.8176856	9
844.1655022	5
844.5133188	5
844.8611354	2
845.208952	2
845.5567686	8
845.9045852	8
846.2524017	6
846.6002183	5
846.9480349	3
847.2958515	2
847.6436681	2
847.9914847	2
848.3393013	3
848.6871179	8
849.0349345	9
849.3827511	7
849.7305677	3
850.0783843	3
850.4262009	3
850.7740175	8
851.1218341	4
851.4696507	4
851.8174672	5
852.1652838	4
852.5131004	4
852.860917	7
853.2087336	3
853.5565502	5
853.9043668	6
854.2521834	3
854.6	2
854.9478166	3
855.2956332	4
855.6434498	4
855.9912664	5
856.339083	4
856.6868996	4
857.0347162	5
857.3825328	4
857.7303493	3
858.0781659	4
858.4259825	3
858.7737991	6
859.1216157	5
859.4694323	6
859.8172489	6
860.1650655	4
860.5128821	6
860.8606987	6
861.2085153	4
861.5563319	6
861.9041485	4
862.2519651	8
862.5997817	5
862.9475983	7
863.2954148	10
863.6432314	5
863.991048	6
864.3388646	9
864.6866812	1
865.0344978	7
865.3823144	2
865.730131	2
866.0779476	4
866.4257642	5
866.7735808	3
867.1213974	3
867.469214	4
867.8170306	3
868.1648472	3
868.5126638	5
868.8604803	4
869.2082969	1
869.5561135	7
869.9039301	6
870.2517467	3
870.5995633	2
870.9473799	3
871.2951965	4
871.6430131	5
871.9908297	4
872.3386463	0
872.6864629	5
873.0342795	2
873.3820961	5
873.7299127	1
874.0777293	5
874.4255459	5
874.7733624	7
875.121179	2
875.4689956	1
875.8168122	11
876.1646288	2
876.5124454	5
876.860262	3
877.2080786	2
877.5558952	7
877.9037118	4
878.2515284	4
878.599345	1
878.9471616	2
879.2949782	6
879.6427948	5
879.9906114	8
880.3384279	3
880.6862445	6
881.0340611	4
881.3818777	8
881.7296943	7
882.0775109	1
882.4253275	7
882.7731441	7
883.1209607	3
883.4687773	3
883.8165939	9
884.1644105	6
884.5122271	4
884.8600437	3
885.2078603	4
885.5556769	8
885.9034934	2
886.25131	4
886.5991266	6
886.9469432	4
887.2947598	6
887.6425764	5
887.990393	2
888.3382096	4
888.6860262	5
889.0338428	5
889.3816594	1
889.729476	4
890.0772926	2
890.4251092	2
890.7729258	3
891.1207424	3
891.468559	4
891.8163755	9
892.1641921	4
892.5120087	3
892.8598253	3
893.2076419	1
893.5554585	5
893.9032751	5
894.2510917	4
894.5989083	9
894.9467249	3
895.2945415	2
895.6423581	4
895.9901747	7
896.3379913	3
896.6858079	6
897.0336245	3
897.381441	0
897.7292576	3
898.0770742	1
898.4248908	9
898.7727074	2
899.120524	3
899.4683406	4
899.8161572	2
900.1639738	3
900.5117904	7
900.859607	7
901.2074236	2
901.5552402	8
901.9030568	6
902.2508734	7
902.59869	6
902.9465066	4
903.2943231	6
903.6421397	4
903.9899563	8
904.3377729	6
904.6855895	6
905.0334061	4
905.3812227	5
905.7290393	6
906.0768559	2
906.4246725	3
906.7724891	9
907.1203057	5
907.4681223	8
907.8159389	3
908.1637555	5
908.5115721	5
908.8593886	5
909.2072052	2
909.5550218	3
909.9028384	2
910.250655	7
910.5984716	4
910.9462882	4
911.2941048	2
911.6419214	4
911.989738	8
912.3375546	10
912.6853712	14
913.0331878	18
913.3810044	22
913.728821	33
914.0766376	30
914.4244541	24
914.7722707	15
915.1200873	14
915.4679039	8
915.8157205	4
916.1635371	2
916.5113537	3
916.8591703	3
917.2069869	2
917.5548035	4
917.9026201	1
918.2504367	7
918.5982533	3
918.9460699	8
919.2938865	3
919.6417031	3
919.9895197	2
920.3373362	4
920.6851528	4
921.0329694	5
921.380786	6
921.7286026	1
922.0764192	4
922.4242358	7
922.7720524	2
923.119869	4
923.4676856	7
923.8155022	4
924.1633188	5
924.5111354	7
924.858952	1
925.2067686	3
925.5545852	6
925.9024017	5
926.2502183	5
926.5980349	4
926.9458515	2
927.2936681	6
927.6414847	1
927.9893013	4
928.3371179	7
928.6849345	2
929.0327511	2
929.3805677	4
929.7283843	3
930.0762009	1
930.4240175	5
930.7718341	4
931.1196507	2
931.4674672	3
931.8152838	5
932.1631004	2
932.510917	2
932.8587336	4
933.2065502	5
933.5543668	4
933.9021834	3
934.25	0
934.5978166	3
934.9456332	6
935.2934498	4
935.6412664	5
935.989083	3
936.3368996	9
936.6847162	9
937.0325328	5
937.3803493	10
937.7281659	3
938.0759825	6
938.4237991	7
938.7716157	5
939.1194323	2
939.4672489	1
939.8150655	2
940.1628821	5
940.5106987	6
940.8585153	4
941.2063319	1
941.5541485	4
941.9019651	4
942.2497817	7
942.5975983	7
942.9454148	4
943.2932314	5
943.641048	5
943.9888646	6
944.3366812	7
944.6844978	3
945.0323144	3
945.380131	3
945.7279476	4
946.0757642	5
946.4235808	7
946.7713974	8
947.119214	4
947.4670306	2
947.8148472	3
948.1626638	4
948.5104803	5
948.8582969	3
949.2061135	3
949.5539301	2
949.9017467	5
950.2495633	3
950.5973799	4
950.9451965	5
951.2930131	7
951.6408297	7
951.9886463	1
952.3364629	4
952.6842795	4
953.0320961	4
953.3799127	3
953.7277293	4
954.0755459	1
954.4233624	1
954.771179	2
955.1189956	6
955.4668122	1
955.8146288	4
956.1624454	2
956.510262	5
956.8580786	5
957.2058952	7
957.5537118	1
957.9015284	5
958.249345	2
958.5971616	9
958.9449782	2
959.2927948	4
959.6406114	4
959.9884279	2
960.3362445	2
960.6840611	1
961.0318777	3
961.3796943	2
961.7275109	3
962.0753275	1
962.4231441	5
962.7709607	4
963.1187773	7
963.4665939	4
963.8144105	2
964.1622271	3
964.5100437	4
964.8578603	8
965.2056769	1
965.5534934	5
965.90131	4
966.2491266	6
966.5969432	7
966.9447598	6
967.2925764	6
967.640393	10
967.9882096	11
968.3360262	8
968.6838428	5
969.0316594	7
969.379476	7
969.7272926	6
970.0751092	5
970.4229258	5
970.7707424	10
971.118559	9
971.4663755	10
971.8141921	16
972.1620087	13
972.5098253	13
972.8576419	10
973.2054585	9
973.5532751	5
973.9010917	5
974.2489083	6
974.5967249	6
974.9445415	5
975.2923581	6
975.6401747	5
975.9879913	3
976.3358079	1
976.6836245	1
977.031441	7
977.3792576	4
977.7270742	3
978.0748908	8
978.4227074	2
978.770524	3
979.1183406	3
979.4661572	5
979.8139738	2
980.1617904	4
980.509607	2
980.8574236	7
981.2052402	4
981.5530568	6
981.9008734	7
982.24869	3
982.5965066	3
982.9443231	4
983.2921397	3
983.6399563	5
983.9877729	5
984.3355895	3
984.6834061	3
985.0312227	1
985.3790393	8
985.7268559	3
986.0746725	3
986.4224891	5
986.7703057	4
987.1181223	2
987.4659389	7
987.8137555	2
988.1615721	10
988.5093886	3
988.8572052	2
989.2050218	3
989.5528384	0
989.900655	7
990.2484716	0
990.5962882	6
990.9441048	4
991.2919214	4
991.639738	7
991.9875546	2
992.3353712	5
992.6831878	3
993.0310044	1
993.378821	2
993.7266376	6
994.0744541	2
994.4222707	2
994.7700873	5
995.1179039	2
995.4657205	5
995.8135371	1
996.1613537	2
996.5091703	2
996.8569869	5
997.2048035	5
997.5526201	7
997.9004367	8
998.2482533	1
998.5960699	2
998.9438865	4
999.2917031	1
999.6395197	5
999.9873362	3
1000.335153	4
1000.682969	9
1001.030786	4
1001.378603	5
1001.726419	5
1002.074236	6
1002.422052	1
1002.769869	2
1003.117686	4
1003.465502	3
1003.813319	4
1004.161135	10
1004.508952	5
1004.856769	5
1005.204585	7
1005.552402	2
1005.900218	4
1006.248035	2
1006.595852	5
1006.943668	3
1007.291485	1
1007.639301	7
1007.987118	1
1008.334934	4
1008.682751	1
1009.030568	4
1009.378384	4
1009.726201	3
1010.074017	4
1010.421834	5
1010.769651	2
1011.117467	2
1011.465284	6
1011.8131	3
1012.160917	3
1012.508734	6
1012.85655	3
1013.204367	2
1013.552183	1
1013.9	0
1014.247817	2
1014.595633	2
1014.94345	4
1015.291266	3
1015.639083	5
1015.9869	9
1016.334716	1
1016.682533	3
1017.030349	4
1017.378166	4
1017.725983	5
1018.073799	2
1018.421616	5
1018.769432	4
1019.117249	6
1019.465066	2
1019.812882	1
1020.160699	6
1020.508515	4
1020.856332	8
1021.204148	3
1021.551965	2
1021.899782	3
1022.247598	6
1022.595415	4
1022.943231	1
1023.291048	2
1023.638865	4
1023.986681	5
1024.334498	5
1024.682314	2
1025.030131	4
1025.377948	2
1025.725764	4
1026.073581	4
1026.421397	7
1026.769214	3
1027.117031	3
1027.464847	5
1027.812664	3
1028.16048	6
1028.508297	5
1028.856114	4
1029.20393	2
1029.551747	1
1029.899563	5
1030.24738	7
1030.595197	5
1030.943013	4
1031.29083	1
1031.638646	2
1031.986463	8
1032.334279	3
1032.682096	6
1033.029913	2
1033.377729	3
1033.725546	3
1034.073362	5
1034.421179	4
1034.768996	3
1035.116812	1
1035.464629	4
1035.812445	2
1036.160262	8
1036.508079	9
1036.855895	6
1037.203712	2
1037.551528	2
1037.899345	4
1038.247162	8
1038.594978	3
1038.942795	7
1039.290611	3
1039.638428	4
1039.986245	4
1040.334061	4
1040.681878	5
1041.029694	4
1041.377511	3
1041.725328	2
1042.073144	2
1042.420961	3
1042.768777	2
1043.116594	5
1043.46441	1
1043.812227	5
1044.160044	3
1044.50786	6
1044.855677	6
1045.203493	4
1045.55131	3
1045.899127	3
1046.246943	2
1046.59476	5
1046.942576	2
1047.290393	8
1047.63821	5
1047.986026	6
1048.333843	7
1048.681659	6
1049.029476	5
1049.377293	6
1049.725109	4
1050.072926	5
1050.420742	2
1050.768559	7
1051.116376	2
1051.464192	5
1051.812009	4
1052.159825	0
1052.507642	6
1052.855459	3
1053.203275	0
1053.551092	9
1053.898908	3
1054.246725	4
1054.594541	5
1054.942358	4
1055.290175	3
1055.637991	6
1055.985808	2
1056.333624	3
1056.681441	4
1057.029258	4
1057.377074	3
1057.724891	6
1058.072707	5
1058.420524	5
1058.768341	2
1059.116157	1
1059.463974	3
1059.81179	3
1060.159607	6
1060.507424	4
1060.85524	6
1061.203057	3
1061.550873	5
1061.89869	3
1062.246507	3
1062.594323	6
1062.94214	4
1063.289956	5
1063.637773	2
1063.98559	3
1064.333406	3
1064.681223	2
1065.029039	6
1065.376856	6
1065.724672	2
1066.072489	1
1066.420306	4
1066.768122	4
1067.115939	2
1067.463755	4
1067.811572	5
1068.159389	4
1068.507205	3
1068.855022	4
1069.202838	4
1069.550655	0
1069.898472	4
1070.246288	4
1070.594105	4
1070.941921	6
1071.289738	0
1071.637555	5
1071.985371	1
1072.333188	2
1072.681004	1
1073.028821	9
1073.376638	6
1073.724454	5
1074.072271	4
1074.420087	1
1074.767904	4
1075.115721	3
1075.463537	3
1075.811354	3
1076.15917	4
1076.506987	5
1076.854803	4
1077.20262	0
1077.550437	8
1077.898253	3
1078.24607	5
1078.593886	2
1078.941703	4
1079.28952	3
1079.637336	3
1079.985153	3
1080.332969	1
1080.680786	2
1081.028603	1
1081.376419	8
1081.724236	5
1082.072052	2
1082.419869	3
1082.767686	5
1083.115502	2
1083.463319	3
1083.811135	1
1084.158952	5
1084.506769	3
1084.854585	4
1085.202402	6
1085.550218	4
1085.898035	5
1086.245852	3
1086.593668	2
1086.941485	5
1087.289301	8
1087.637118	4
1087.984934	3
1088.332751	5
1088.680568	3
1089.028384	1
1089.376201	3
1089.724017	2
1090.071834	2
1090.419651	8
1090.767467	1
1091.115284	1
1091.4631	5
1091.810917	2
1092.158734	6
1092.50655	4
1092.854367	3
1093.202183	5
1093.55	2
1093.897817	1
1094.245633	5
1094.59345	3
1094.941266	4
1095.289083	3
1095.6369	2
1095.984716	5
1096.332533	6
1096.680349	5
1097.028166	7
1097.375983	3
1097.723799	1
1098.071616	3
1098.419432	4
1098.767249	4
1099.115066	3
1099.462882	3
1099.810699	7
1100.158515	7
1100.506332	2
1100.854148	5
1101.201965	5
1101.549782	5
1101.897598	1
1102.245415	1
1102.593231	6
1102.941048	2
1103.288865	7
1103.636681	7
1103.984498	5
1104.332314	0
1104.680131	3
1105.027948	9
1105.375764	3
1105.723581	1
1106.071397	3
1106.419214	5
1106.767031	0
1107.114847	5
1107.462664	3
1107.81048	2
1108.158297	3
1108.506114	2
1108.85393	2
1109.201747	3
1109.549563	1
1109.89738	2
1110.245197	2
1110.593013	3
1110.94083	9
1111.288646	2
1111.636463	2
1111.984279	5
1112.332096	4
1112.679913	4
1113.027729	0
1113.375546	6
1113.723362	7
1114.071179	5
1114.418996	1
1114.766812	5
1115.114629	4
1115.462445	4
1115.810262	0
1116.158079	2
1116.505895	2
1116.853712	5
1117.201528	5
1117.549345	1
1117.897162	4
1118.244978	6
1118.592795	4
1118.940611	2
1119.288428	5
1119.636245	5
1119.984061	2
1120.331878	4
1120.679694	4
1121.027511	3
1121.375328	4
1121.723144	3
1122.070961	4
1122.418777	5
1122.766594	5
1123.11441	12
1123.462227	12
1123.810044	16
1124.15786	17
1124.505677	16
1124.853493	8
1125.20131	4
1125.549127	5
1125.896943	4
1126.24476	3
1126.592576	5
1126.940393	3
1127.28821	1
1127.636026	2
1127.983843	6
1128.331659	5
1128.679476	4
1129.027293	3
1129.375109	3
1129.722926	3
1130.070742	1
1130.418559	4
1130.766376	3
1131.114192	2
1131.462009	5
1131.809825	5
1132.157642	2
1132.505459	5
1132.853275	4
1133.201092	5
1133.548908	1
1133.896725	4
1134.244541	3
1134.592358	6
1134.940175	7
1135.287991	3
1135.635808	2
1135.983624	4
1136.331441	4
1136.679258	5
1137.027074	4
1137.374891	4
1137.722707	4
1138.070524	8
1138.418341	3
1138.766157	4
1139.113974	7
1139.46179	2
1139.809607	4
1140.157424	7
1140.50524	3
1140.853057	4
1141.200873	3
1141.54869	3
1141.896507	2
1142.244323	7
1142.59214	5
1142.939956	7
1143.287773	3
1143.63559	2
1143.983406	3
1144.331223	4
1144.679039	2
1145.026856	3
1145.374672	2
1145.722489	6
1146.070306	3
1146.418122	2
1146.765939	5
1147.113755	5
1147.461572	2
1147.809389	2
1148.157205	3
1148.505022	5
1148.852838	4
1149.200655	4
1149.548472	2
1149.896288	5
1150.244105	5
1150.591921	3
1150.939738	3
1151.287555	2
1151.635371	4
1151.983188	5
1152.331004	3
1152.678821	2
1153.026638	5
1153.374454	6
1153.722271	6
1154.070087	3
1154.417904	5
1154.765721	3
1155.113537	4
1155.461354	3
1155.80917	4
1156.156987	6
1156.504803	9
1156.85262	6
1157.200437	4
1157.548253	4
1157.89607	1
1158.243886	1
1158.591703	4
1158.93952	7
1159.287336	4
1159.635153	4
1159.982969	6
1160.330786	5
1160.678603	3
1161.026419	2
1161.374236	3
1161.722052	3
1162.069869	3
1162.417686	3
1162.765502	1
1163.113319	3
1163.461135	3
1163.808952	5
1164.156769	8
1164.504585	3
1164.852402	2
1165.200218	1
1165.548035	2
1165.895852	3
1166.243668	1
1166.591485	5
1166.939301	6
1167.287118	8
1167.634934	1
1167.982751	5
1168.330568	5
1168.678384	5
1169.026201	4
1169.374017	1
1169.721834	3
1170.069651	3
1170.417467	3
1170.765284	4
1171.1131	4
1171.460917	1
1171.808734	7
1172.15655	5
1172.504367	4
1172.852183	4
1173.2	2
1173.547817	1
1173.895633	3
1174.24345	2
1174.591266	5
1174.939083	5
1175.2869	1
1175.634716	5
1175.982533	7
1176.330349	9
1176.678166	2
1177.025983	6
1177.373799	5
1177.721616	3
1178.069432	5
1178.417249	3
1178.765066	1
1179.112882	2
1179.460699	2
1179.808515	3
1180.156332	1
1180.504148	4
1180.851965	7
1181.199782	3
1181.547598	3
1181.895415	2
1182.243231	7
1182.591048	4
1182.938865	2
1183.286681	5
1183.634498	3
1183.982314	5
1184.330131	3
1184.677948	4
1185.025764	7
1185.373581	1
1185.721397	4
1186.069214	1
1186.417031	1
1186.764847	2
1187.112664	6
1187.46048	6
1187.808297	5
1188.156114	8
1188.50393	5
1188.851747	4
1189.199563	7
1189.54738	6
1189.895197	2
1190.243013	8
1190.59083	3
1190.938646	3
1191.286463	4
1191.634279	5
1191.982096	7
1192.329913	3
1192.677729	8
1193.025546	7
1193.373362	2
1193.721179	5
1194.068996	3
1194.416812	2
1194.764629	2
1195.112445	1
1195.460262	3
1195.808079	6
1196.155895	6
1196.503712	0
1196.851528	6
1197.199345	7
1197.547162	0
1197.894978	4
1198.242795	1
1198.590611	6
1198.938428	5
1199.286245	1
1199.634061	5
1199.981878	2
1200.329694	10
1200.677511	8
1201.025328	7
1201.373144	5
1201.720961	2
1202.068777	3
1202.416594	4
1202.76441	6
1203.112227	3
1203.460044	3
1203.80786	6
1204.155677	9
1204.503493	1
1204.85131	6
1205.199127	3
1205.546943	6
1205.89476	1
1206.242576	5
1206.590393	6
1206.93821	5
1207.286026	7
1207.633843	5
1207.981659	6
1208.329476	1
1208.677293	8
1209.025109	4
1209.372926	3
1209.720742	3
1210.068559	1
1210.416376	6
1210.764192	5
1211.112009	1
1211.459825	2
1211.807642	2
1212.155459	1
1212.503275	6
1212.851092	3
1213.198908	7
1213.546725	3
1213.894541	3
1214.242358	2
1214.590175	6
1214.937991	7
1215.285808	5
1215.633624	3
1215.981441	2
1216.329258	4
1216.677074	5
1217.024891	5
1217.372707	1
1217.720524	6
1218.068341	7
1218.416157	1
1218.763974	4
1219.11179	1
1219.459607	6
1219.807424	5
1220.15524	11
1220.503057	3
1220.850873	7
1221.19869	3
1221.546507	2
1221.894323	2
1222.24214	5
1222.589956	4
1222.937773	5
1223.28559	4
1223.633406	4
1223.981223	3
1224.329039	2
1224.676856	5
1225.024672	7
1225.372489	3
1225.720306	6
1226.068122	3
1226.415939	6
1226.763755	3
1227.111572	3
1227.459389	1
1227.807205	7
1228.155022	4
1228.502838	6
1228.850655	3
1229.198472	6
1229.546288	5
1229.894105	5
1230.241921	1
1230.589738	2
1230.937555	3
1231.285371	4
1231.633188	4
1231.981004	3
1232.328821	6
1232.676638	4
1233.024454	5
1233.372271	10
1233.720087	2
1234.067904	1
1234.415721	5
1234.763537	3
1235.111354	4
1235.45917	2
1235.806987	3
1236.154803	4
1236.50262	2
1236.850437	4
1237.198253	3
1237.54607	2
1237.893886	3
1238.241703	7
1238.58952	2
1238.937336	3
1239.285153	5
1239.632969	6
1239.980786	2
1240.328603	7
1240.676419	6
1241.024236	5
1241.372052	7
1241.719869	2
1242.067686	8
1242.415502	4
1242.763319	7
1243.111135	3
1243.458952	1
1243.806769	2
1244.154585	6
1244.502402	4
1244.850218	7
1245.198035	2
1245.545852	3
1245.893668	3
1246.241485	7
1246.589301	2
1246.937118	4
1247.284934	4
1247.632751	2
1247.980568	1
1248.328384	5
1248.676201	2
1249.024017	2
1249.371834	2
1249.719651	4
1250.067467	4
1250.415284	3
1250.7631	4
1251.110917	2
1251.458734	3
1251.80655	2
1252.154367	4
1252.502183	6
1252.85	2
1253.197817	3
1253.545633	4
1253.89345	4
1254.241266	3
1254.589083	2
1254.9369	1
1255.284716	6
1255.632533	2
1255.980349	1
1256.328166	4
1256.675983	3
1257.023799	4
1257.371616	2
1257.719432	1
1258.067249	2
1258.415066	4
1258.762882	4
1259.110699	2
1259.458515	1
1259.806332	3
1260.154148	5
1260.501965	6
1260.849782	6
1261.197598	3
1261.545415	0
1261.893231	2
1262.241048	1
1262.588865	4
1262.936681	0
1263.284498	2
1263.632314	3
1263.980131	0
1264.327948	2
1264.675764	4
1265.023581	3
1265.371397	0
1265.719214	3
1266.067031	3
1266.414847	2
1266.762664	1
1267.11048	3
1267.458297	3
1267.806114	3
1268.15393	3
1268.501747	2
1268.849563	1
1269.19738	2
1269.545197	2
1269.893013	3
1270.24083	4
1270.588646	2
1270.936463	3
1271.284279	4
1271.632096	4
1271.979913	2
1272.327729	2
1272.675546	2
1273.023362	2
1273.371179	1
1273.718996	4
1274.066812	4
1274.414629	4
1274.762445	3
1275.110262	3
1275.458079	0
1275.805895	3
1276.153712	1
1276.501528	2
1276.849345	2
1277.197162	5
1277.544978	2
1277.892795	4
1278.240611	4
1278.588428	6
1278.936245	6
1279.284061	5
1279.631878	3
1279.979694	5
1280.327511	5
1280.675328	3
1281.023144	3
1281.370961	4
1281.718777	1
1282.066594	1
1282.41441	2
1282.762227	5
1283.110044	3
1283.45786	2
1283.805677	2
1284.153493	2
1284.50131	1
1284.849127	3
1285.196943	3
1285.54476	1
1285.892576	3
1286.240393	4
1286.58821	1
1286.936026	2
1287.283843	6
1287.631659	0
1287.979476	2
1288.327293	3
1288.675109	1
1289.022926	0
1289.370742	0
1289.718559	4
1290.066376	2
1290.414192	3
1290.762009	7
1291.109825	4
1291.457642	2
1291.805459	2
1292.153275	2
1292.501092	1
1292.848908	2
1293.196725	7
1293.544541	5
1293.892358	5
1294.240175	1
1294.587991	1
1294.935808	1
1295.283624	5
1295.631441	3
1295.979258	1
1296.327074	4
1296.674891	3
1297.022707	2
1297.370524	2
1297.718341	1
1298.066157	2
1298.413974	1
1298.76179	0
1299.109607	2
1299.457424	4
1299.80524	3
1300.153057	2
1300.500873	2
1300.84869	2
1301.196507	0
1301.544323	1
1301.89214	1
1302.239956	2
1302.587773	3
1302.93559	3
1303.283406	2
1303.631223	3
1303.979039	1
1304.326856	0
1304.674672	2
1305.022489	3
1305.370306	3
1305.718122	1
1306.065939	1
1306.413755	5
1306.761572	1
1307.109389	2
1307.457205	3
1307.805022	0
1308.152838	2
1308.500655	1
1308.848472	1
1309.196288	1
1309.544105	2
1309.891921	1
1310.239738	0
1310.587555	5
1310.935371	2
1311.283188	1
1311.631004	7
1311.978821	1
1312.326638	1
1312.674454	4
1313.022271	3
1313.370087	2
1313.717904	2
1314.065721	1
1314.413537	1
1314.761354	3
1315.10917	2
1315.456987	0
1315.804803	2
1316.15262	1
1316.500437	1
1316.848253	1
1317.19607	2
1317.543886	2
1317.891703	2
1318.23952	2
1318.587336	3
1318.935153	0
1319.282969	1
1319.630786	5
1319.978603	4
1320.326419	2
1320.674236	5
1321.022052	1
1321.369869	0
1321.717686	1
1322.065502	1
1322.413319	3
1322.761135	0
1323.108952	2
1323.456769	1
1323.804585	2
1324.152402	1
1324.500218	1
1324.848035	2
1325.195852	3
1325.543668	2
1325.891485	2
1326.239301	1
1326.587118	1
1326.934934	2
1327.282751	1
1327.630568	3
1327.978384	2
1328.326201	0
1328.674017	0
1329.021834	1
1329.369651	3
1329.717467	1
1330.065284	3
1330.4131	1
1330.760917	3
1331.108734	3
1331.45655	2
1331.804367	3
1332.152183	1
1332.5	4
1332.847817	3
1333.195633	2
1333.54345	0
1333.891266	3
1334.239083	4
1334.5869	4
1334.934716	0
1335.282533	3
1335.630349	3
1335.978166	1
1336.325983	3
1336.673799	4
1337.021616	2
1337.369432	1
1337.717249	3
1338.065066	1
1338.412882	0
1338.760699	2
1339.108515	3
1339.456332	2
1339.804148	0
1340.151965	0
1340.499782	1
1340.847598	0
1341.195415	0
1341.543231	1
1341.891048	3
1342.238865	4
1342.586681	0
1342.934498	1
1343.282314	1
1343.630131	1
1343.977948	0
1344.325764	0
1344.673581	6
1345.021397	1
1345.369214	0
1345.717031	1
1346.064847	3
1346.412664	1
1346.76048	0
1347.108297	5
1347.456114	1
1347.80393	0
1348.151747	1
1348.499563	1
1348.84738	3
1349.195197	1
1349.543013	2
1349.89083	2
1350.238646	6
1350.586463	0
1350.934279	2
1351.282096	1
1351.629913	0
1351.977729	3
1352.325546	1
1352.673362	1
1353.021179	1
1353.368996	2
1353.716812	2
1354.064629	0
1354.412445	3
1354.760262	1
1355.108079	1
1355.455895	1
1355.803712	3
1356.151528	4
1356.499345	1
1356.847162	1
1357.194978	0
1357.542795	2
1357.890611	1
1358.238428	1
1358.586245	1
1358.934061	1
1359.281878	1
1359.629694	3
1359.977511	1
1360.325328	4
1360.673144	0
1361.020961	1
1361.368777	1
1361.716594	0
1362.06441	2
1362.412227	0
1362.760044	2
1363.10786	0
1363.455677	3
1363.803493	1
1364.15131	2
1364.499127	0
1364.846943	2
1365.19476	1
1365.542576	0
1365.890393	2
1366.23821	4
1366.586026	5
1366.933843	0
1367.281659	3
1367.629476	2
1367.977293	1
1368.325109	2
1368.672926	2
1369.020742	2
1369.368559	2
1369.716376	0
1370.064192	2
1370.412009	3
1370.759825	1
1371.107642	0
1371.455459	1
1371.803275	0
1372.151092	3
1372.498908	1
1372.846725	2
1373.194541	2
1373.542358	0
1373.890175	3
1374.237991	4
1374.585808	1
1374.933624	1
1375.281441	0
1375.629258	1
1375.977074	1
1376.324891	1
1376.672707	2
1377.020524	2
1377.368341	2
1377.716157	2
1378.063974	1
1378.41179	0
1378.759607	0
1379.107424	1
1379.45524	1
1379.803057	1
1380.150873	2
1380.49869	2
1380.846507	3
1381.194323	6
1381.54214	4
1381.889956	6
1382.237773	3
1382.58559	3
1382.933406	2
1383.281223	4
1383.629039	1
1383.976856	2
1384.324672	0
1384.672489	1
1385.020306	1
1385.368122	2
1385.715939	0
1386.063755	1
1386.411572	1
1386.759389	1
1387.107205	2
1387.455022	2
1387.802838	1
1388.150655	3
1388.498472	2
1388.846288	4
1389.194105	2
1389.541921	2
1389.889738	1
1390.237555	0
1390.585371	3
1390.933188	0
1391.281004	0
1391.628821	2
1391.976638	2
1392.324454	1
1392.672271	0
1393.020087	1
1393.367904	0
1393.715721	1
1394.063537	1
1394.411354	1
1394.75917	1
1395.106987	2
1395.454803	3
1395.80262	1
1396.150437	1
1396.498253	1
1396.84607	2
1397.193886	1
1397.541703	0
1397.88952	1
1398.237336	1
1398.585153	1
1398.932969	0
1399.280786	2
1399.628603	1
1399.976419	0
1400.324236	2
1400.672052	0
1401.019869	2
1401.367686	2
1401.715502	1
1402.063319	4
1402.411135	0
1402.758952	1
1403.106769	1
1403.454585	0
1403.802402	1
1404.150218	0
1404.498035	1
1404.845852	1
1405.193668	1
1405.541485	3
1405.889301	0
1406.237118	3
1406.584934	2
1406.932751	0
1407.280568	2
1407.628384	2
1407.976201	1
1408.324017	0
1408.671834	0
1409.019651	0
1409.367467	3
1409.715284	1
1410.0631	0
1410.410917	1
1410.758734	2
1411.10655	2
1411.454367	2
1411.802183	3
1412.15	1
1412.497817	5
1412.845633	2
1413.19345	1
1413.541266	1
1413.889083	2
1414.2369	3
1414.584716	1
1414.932533	3
1415.280349	3
1415.628166	1
1415.975983	0
1416.323799	2
1416.671616	0
1417.019432	1
1417.367249	0
1417.715066	4
1418.062882	0
1418.410699	1
1418.758515	2
1419.106332	2
1419.454148	1
1419.801965	1
1420.149782	2
1420.497598	0
1420.845415	2
1421.193231	1
1421.541048	2
1421.888865	4
1422.236681	1
1422.584498	3
1422.932314	0
1423.280131	1
1423.627948	2
1423.975764	1
1424.323581	2
1424.671397	2
1425.019214	0
1425.367031	0
1425.714847	1
1426.062664	2
1426.41048	3
1426.758297	1
1427.106114	1
1427.45393	0
1427.801747	1
1428.149563	1
1428.49738	3
1428.845197	3
1429.193013	0
1429.54083	3
1429.888646	1
1430.236463	1